       414.97143       364.62805       304.40156       236.17713       161.97355
       85.077885       5.9657859      -71.991772      -146.33932      -214.77712
      -275.30933      -326.06424      -365.60228      -392.86103      -407.05303
      -407.93756      -395.58980      -370.42487      -333.34888      -285.45051
      -228.15066      -163.18395      -92.332908      -17.646726       58.747373
       134.77604       208.22186       277.02855       339.26676       393.04303
       436.82439       469.26681       489.27652       496.24202       489.79361
       469.99846       437.41141       392.84508       337.61870       273.39879
       202.04970       125.83156       48.082128      -30.802268      -107.29713
      -179.10771      -244.04358      -300.09626      -345.70331      -379.51793
      -400.60428      -408.51669      -403.05712      -384.52648      -353.60131
      -311.18354      -258.62804      -197.46804      -129.41908      -56.502883
       19.281278       95.807858       170.85924       242.39787       308.34413
       366.77291       416.04208       454.59341       481.25480       495.18846
       495.79314       483.00559       457.08920       418.66741       368.90374
       309.19868       241.33133       167.43716       90.711909       11.605412
      -66.399627      -140.96999      -209.74316      -270.65744      -321.94912
      -362.05075      -389.90570      -404.78122      -406.28904      -394.57973
      -370.04967      -333.48960      -286.10231      -229.22113      -164.53807
      -93.941700      -19.353120       57.055598       133.15497       206.85226
       275.97577       338.60944       392.93535       437.27649       470.36303
       491.09665       498.74408       493.04051       473.96622       442.01835
       398.10572       343.40846       279.61847       208.65199       132.62962
       54.987826      -23.890036      -100.56716      -172.61215      -237.90951
      -294.45501      -340.56035      -374.98867      -396.72482      -405.25307
      -400.47839      -382.56775      -352.20850      -310.35807      -258.22883
      -197.44032      -129.69302      -56.906068       18.793912       95.363064
       170.61049       242.38018       308.71128       367.61827       417.39357
       456.59041       483.90802       498.51684       499.87710       487.77292
       462.54154       424.79261       375.56777       316.37757       248.91496
       175.26927       98.743432       19.659635      -58.453014      -133.19468
      -202.32483      -263.66104      -315.43875      -356.16105      -384.62119
      -400.15335      -402.36139      -391.26973      -367.38476      -331.41293
      -284.49775      -228.08224      -163.72696      -93.347277      -18.928943
       57.488879       133.67442       207.54169       277.00683       340.01331
       394.81772       439.75341       473.42287       494.83869       503.19326
       498.15224       479.79849       448.49269       405.15520       351.02150
       287.63280       216.99216       141.20925       63.611942      -15.286047
      -92.120805      -164.48597      -230.13925      -287.18676      -333.87317
      -368.88463      -391.31488      -400.51550      -396.39179      -379.17579
      -349.40496      -308.11250      -256.50330      -196.08184      -128.66992
      -56.105571       19.526611       96.062541       171.43709       243.44963
       310.06569       369.42283       419.69661       459.43971       487.42478
       502.67213       504.71133       493.32142       468.70864       431.59188
       382.92926       324.16758       257.10640       183.70237       107.28712
       28.248662      -50.017861      -125.00149      -194.45901      -256.29492
      -308.59349      -349.91983      -379.07548      -395.25995      -398.18277
      -387.79340      -364.52754      -329.20104      -282.82438      -226.85542
      -162.92325      -92.799326      -18.560888       57.755241       134.01988
       208.01268       277.72395       341.12130       396.33147       441.80448
       476.07914       498.08800       507.13566       502.75718       485.03308
       454.38763       411.58828       357.94564       294.99189       224.60897
       149.03007       70.505759      -8.4944418      -85.481417      -158.16596
      -224.25484      -281.77380      -329.08308      -364.74109      -387.83463
      -397.78825      -394.35005      -377.81933      -348.73521      -308.00136
      -256.93712      -196.97196      -129.87065      -57.588767       18.917020
       95.449527       170.86785       243.10491       310.01724       369.73675
       420.52642       460.79227       489.37264       505.29425       507.95225
       497.23579       473.27273       436.70593       388.60425       330.27930
       263.54066       190.41379       113.08680       34.041486      -44.324932
      -119.60231      -189.40352      -251.69704      -304.58863      -346.50383
      -376.34959      -393.25923      -396.85978      -387.20902      -364.61108
      -329.88525      -284.11261      -228.59974      -165.05976      -95.267724
      -21.183620       56.025786       132.30032       206.46082       276.36977
       340.11304       395.76713       441.70060       476.57325       499.19373
       508.85782       505.17444       488.07012       458.03401       415.82941
       362.63702       300.10357       230.03054       154.59169       76.160307
      -2.9197594      -80.125886      -153.08380      -219.62532      -277.66078
      -325.53565      -361.88898      -385.65225      -396.31035      -393.61930
      -377.74035      -349.32266      -309.20025      -258.62192      -199.13240
      -132.37040      -60.311975       16.010648       92.540364       168.03544
       240.42146       307.65785       367.73348       418.97426       459.81085
       488.94627       505.51535       508.84654       498.74638       475.45332
       439.47560       391.87935       334.04611       267.63371       194.74601
       117.57365       38.486094      -39.986821      -115.50071      -185.70184
      -248.42021      -301.87177      -344.42647      -374.89934      -392.53745
      -396.84262      -387.86164      -365.97279      -331.84295      -286.62473
      -231.63025      -168.44575      -98.969357      -25.093761       51.070113
       127.33679       201.64462       271.82019       335.86776       391.98927
       438.43769       473.86167       497.15461       507.45803       504.44016
       488.03585       458.59610       416.99053       364.32536       302.17439
       232.45411       157.20878       78.829474     -0.25750649      -77.664586
      -150.91627      -217.82590      -276.39470      -324.82067      -361.79702
      -386.27011      -397.58417      -395.60148      -380.41698      -352.59621
      -313.08865      -263.01718      -203.92936      -137.54177      -65.687038
       10.515765       86.999572       162.63393       235.20748       302.74034
       363.25966       414.95593       456.36665       486.14326       503.33473
       507.38108       497.96269       475.30882       440.00054       392.94744
       335.59849       269.61677       196.97740       119.99078       40.961059
      -37.634251      -113.32006      -183.85468      -247.02590      -300.95486
      -344.12887      -375.24447      -393.52544      -398.55236      -390.22119
      -368.96724      -335.46689      -290.74160      -236.21752      -173.41522
      -104.16546      -30.485741       45.632123       121.98277       196.41839
       266.89585       331.31834       387.87168       434.90261       470.91280
       494.85135       505.88077       503.52885       487.83222       459.07882
       418.05421       365.97255       304.28087       234.89762       159.94267
       81.663023       2.5718313      -74.926146      -148.46204      -215.70916
      -274.71733      -323.71386      -361.25022      -386.37181      -398.36550
      -397.00113      -382.48663      -355.26529      -316.27480      -266.71947
      -208.00267      -141.91131      -70.292899       4.8506478       81.327856
       157.06740       229.90805       297.73758       358.69298       410.92830
       452.88905       483.34334       501.22645       505.95850       497.29796
       475.32114       440.66513       394.24979       337.38668       271.84754
       199.54618       122.72258       44.801879      -33.849107      -109.73214
      -180.51493      -244.10628      -298.51998      -342.21567      -373.97700
      -392.87759      -398.54387      -390.89121      -370.21685      -337.29947
      -293.10199      -238.97162      -176.54776      -107.54361      -33.981052
       42.059854       118.50824       193.13212       263.86550       328.71374
       385.72816       433.30534       469.97840       494.55775       506.30573
       504.69721       489.67485       461.63544       421.24404       369.69995
       308.52647       239.49597       164.79797       86.696540       7.5857167
      -70.002184      -143.74522      -211.36525      -270.77443      -320.29418
      -358.43551      -384.14607      -396.82072      -396.11409      -382.21006
      -355.63332      -317.17338      -268.09037      -209.80853      -143.98689
      -72.585938       2.4442601       78.975379       154.80845       227.88961
       296.08451       357.43440       410.21499       452.77268       483.84533
       502.45596       507.88154       499.92431       478.67932       444.64481
       398.83945       342.51699       277.36418       205.41065       128.78356
       50.909859      -27.753918      -103.83661      -174.91663      -238.87136
      -293.81115      -338.05198      -370.41463      -390.00450      -396.30381
      -389.31887      -369.30060      -336.93488      -293.29487      -239.61685
      -177.52959      -108.83337      -35.412685       40.580941       117.04780
       191.86989       262.85580       328.05302       385.56055       433.63990
       470.92094       496.17658       508.56982       507.68735       493.36109
       465.95684       426.22120       375.20787       314.48811       245.85446
       171.36812       94.403814       15.309286      -62.447400      -136.41096
      -204.39792      -264.29687      -314.32435      -353.10058      -379.47039
      -392.79192      -392.80503      -379.54787      -353.58769      -315.74304
      -267.13666      -209.29476      -143.83473      -72.636313       2.2295933
       78.735805       154.67973       227.91247       296.42450       358.17160
       411.39362       454.53705       486.20310       505.44902       511.58566
       504.27455       483.70039       450.31371       405.03635       349.23285
       284.47809       212.78247       136.36406       57.515952      -21.238783
      -97.491185      -168.92702      -233.29405      -288.73240      -333.60197
      -366.57906      -386.85493      -393.87706      -387.54638      -368.22194
      -336.48640      -293.38425      -240.23950      -178.54252      -110.14884
      -36.976048       39.950436       116.41516       191.33500       262.58599
       328.08284       386.01480       434.62536       472.44060       498.34481
       511.40200       511.15811       497.53355       470.74956       431.58714
       381.12959       320.81057       252.51937       178.27525       100.37193
       21.281915      -56.624279      -130.88770      -199.21677      -259.61702
      -310.21837      -349.59047      -376.67185      -390.68169      -391.38607
      -378.85974      -353.52733      -316.29850      -268.26054      -210.84345
      -145.78225      -74.859084      0.87102539       77.283396       153.30271
       226.71013       295.45490       357.60401       411.26713       454.91795
       487.21003       507.05669       513.85168       507.22676       487.25900
       454.50539       409.78373       354.42360       290.09023       218.65390
       142.38169       63.607286      -15.269443      -91.723938      -163.46707
      -228.30732      -284.24355      -329.71821      -363.38508      -384.31936
      -392.07796      -386.46507      -367.79133      -336.73338      -294.19794
      -241.54514      -180.30638      -112.20440      -39.261451       37.526336
       114.02583       189.02259       260.48202       326.32021       384.61800
       433.73461       472.11290       498.58896       512.32456       512.72485
       499.73527       473.61833       435.00654       385.06943       325.20809
       257.21030       183.21196       105.41105       26.262940      -51.755482
      -126.30900      -195.03382      -255.87811      -307.07763      -347.06872
      -374.80415      -389.55172      -390.93142      -379.09922      -354.45227
      -317.79175      -270.32117      -213.37505      -148.65412      -78.044447
      -3.4695898       72.894854       148.92373       222.52027       291.51559
       353.99904       408.14844       452.29436       485.17250       505.68261
       513.10126       507.16737       487.86362       455.69688       411.57617
       356.68802       292.73167       221.62038       145.48230       67.756511
      -11.177504      -87.877870      -159.91690      -225.18196      -281.66808
      -327.69666      -362.03208      -383.66228      -392.08396      -387.20199
      -369.18875      -338.74160      -296.81676      -244.63359      -183.81535
      -116.06064      -43.296169       32.354358       108.84866       183.98996
       255.62904       321.80562       380.53311       430.11160       469.09347
       496.18311       510.55794       511.67629       499.33225       473.86858
       435.89351       386.45999       327.08109       259.45060       185.66656
       108.02983       28.865671      -49.293199      -124.05393      -193.17218
      -254.46807      -306.18598      -346.82739      -375.19324      -390.62444
      -392.72651      -381.53439      -357.55629      -321.50217      -274.52604
      -218.06783      -153.69210      -83.321206      -7.9353441       68.421920
       144.51814       218.27249       287.59668       350.44003       405.06277
       449.79506       483.24939       504.44056       512.56164       507.28857
       488.70512       457.17806       413.63528       359.31136       295.75716
       224.97864       149.08250       70.405794      -8.5403792      -85.395630
      -157.74890      -223.36526      -280.35231      -326.95568      -361.87180
      -384.19329      -393.27741      -389.03956      -371.70995      -341.83419
      -300.45166      -248.76689      -188.29269      -120.85068      -48.280413
       27.326703       103.81268       179.11001       251.01462       317.50101
       376.70447       426.80274       466.35676       494.13759       509.17409
       511.00130       499.39794       474.58240       437.27589       388.43793
       329.52590       262.33849       188.83575       112.35389       33.276875
      -44.995196      -119.95378      -189.36198      -251.11944      -303.31795
      -344.52880      -373.55118      -389.59482      -392.37229      -381.83524
      -358.42994      -322.97108      -276.47545      -220.40933      -156.39809
      -86.220672      -11.957962       64.356934       140.58937       214.52218
       284.14775       347.43146       402.50944       447.83196       481.93896
       503.77498       512.64366       508.08488       490.18907       459.37929
       416.43171       362.66142       299.59952       229.13828       153.50942
       74.962524      -4.0253225      -80.970724      -153.58503      -219.57383
      -276.97061      -324.13489      -359.63077      -382.55300      -392.32400
      -388.70214      -371.99277      -342.73336      -301.83873      -250.63025
      -190.53848      -123.33706      -50.978282       24.576952       101.12726
       176.53903       248.74043       315.58902       375.22484       425.90830
       466.05181       494.49907       510.27741       512.79252       501.93466
       477.83491       441.14786       392.94020       334.52869       267.73142
       194.57016       117.23940       38.222352      -40.087995      -115.27533
      -184.95885      -247.11136      -299.83520      -341.56668      -371.21615
      -387.91792
