JD RV eRV RVbary
2455427.783993 -0.57 0.97 20953.57
2455427.784988 0.63 1.07 20951.099
2455427.785995 -0.26 1 20948.592
2455427.787407 0.15 1.1 20945.064
2455427.788356 1.93 1.2 20942.686
2455427.789329 -0.26 1.25 20940.243
2455427.790544 -0.75 1.68 20937.181
2455427.791516 2.14 1.39 20934.724
2455427.792882 1.09 1.52 20931.263
2455428.848623 1.95 1.01 20490.834
2455428.849606 0.35 1.07 20488.125
2455428.850602 -1.54 1.01 20485.384
2455428.851725 2.29 1.49 20482.292
2455428.852685 -0.38 1.43 20479.645
2455428.853634 1.15 1.58 20477.03
2455428.854769 2.12 1.59 20473.905
2455428.855706 1.62 1.9 20471.322
2455429.881887 0.87 0.99 20102.017
2455429.882882 0.76 1.01 20099.309
2455429.884028 -4.13 1.15 20096.195
2455429.884977 0.81 1.18 20093.618
2455429.886123 2.27 1.58 20090.512
2455429.887072 -1.37 1.71 20087.942
2455430.845208 1.48 1.08 19900.121
2455430.846204 -1.49 1.05 19897.369
2455430.847303 1.51 1.35 19894.328
2455430.848264 1.09 1.38 19891.67
2455430.849468 0.73 1.69 19888.34
2455430.850405 -2.56 1.96 19885.747
2455431.844942 -0.16 0.96 19592.637
2455431.846262 0.33 1.06 19588.98
2455431.847755 1.74 1.15 19584.841
2455431.849965 -0.22 1.14 19578.713
2455431.851389 1.96 1.18 19574.767
2455431.852431 0.84 1.2 19571.881
2455435.810995 -1.11 1.11 18400.588
2455435.811991 -0.97 1.07 18397.84
2455435.813252 -2.76 1.45 18394.353
2455435.814213 0.05 1.33 18391.696
2455435.816227 4.69 2.25 18386.118
2455435.817176 2.05 1.73 18383.486
2455436.845775 -1.63 1.11 17968.755
2455436.846759 -0.69 1.04 17966.008
2455436.848032 -0.89 1.17 17962.456
2455436.851644 9.43 2.21 17952.391
2455436.852581 2.29 1.63 17949.782
2455436.853634 -1 1.28 17946.852
2455437.798148 0.74 1.07 17761.33
2455437.799155 1.06 0.96 17758.56
2455437.800266 -1.82 1.41 17755.5
2455437.801238 3.94 1.34 17752.82
2455437.802338 1.16 1.87 17749.785
2455437.803299 -1.34 1.51 17747.13
2455438.860509 1.31 1.09 17241.855
2455438.861505 2.45 1.13 17239.108
2455438.862604 0.74 1.18 17236.078
2455438.863565 3.79 1.34 17233.433
2455438.864688 3.86 1.65 17230.347
2455438.865625 0.63 1.59 17227.773
2455439.895208 1.94 1.26 16797.886
2455439.896204 1.91 1.24 16795.316
2455439.897315 2.59 1.32 16792.454
2455439.898275 -0.31 1.65 16789.987
2455439.899398 3.46 1.87 16787.111
2455439.900336 2.01 1.71 16784.717
2455582.536146 -3 1.34 -27054.394
2455582.537257 -1.93 1.34 -27056.485
2455582.538345 -1.79 1.34 -27058.52
2455582.539421 -2.05 1.25 -27060.523
2455582.540498 -3.2 1.3 -27062.516
2455582.541586 -4.04 1.19 -27064.518
2455584.542639 -1.36 1.32 -26853.528
2455584.543715 0.74 1.23 -26855.412
2455584.54478 -2.62 1.26 -26857.264
2455584.54588 -2.92 1.28 -26859.164
2455584.546979 -3.12 1.29 -26861.052
2455584.548113 -1.87 1.36 -26862.986
2455588.5375 0 1.37 -26323.013
2455588.5386 -1.35 1.29 -26324.836
2455588.539687 -0.3 1.33 -26326.627
2455588.540799 -3.12 1.31 -26328.442
2455588.541875 1.25 1.32 -26330.189
2455786.844236 -1.45 1.01 22479.348
2455786.84522 -1.16 1.15 22476.73
2455786.846238 0.46 1.13 22474.017
2455786.847257 -0.38 1.06 22471.301
2455786.848252 0.11 1.04 22468.644
2455788.764155 0.63 1.13 22171.066
2455788.765336 1.29 1.07 22168.479
2455788.766389 1.07 1.06 22166.16
2455788.767431 0.14 1.11 22163.855
2455788.768472 2.21 1.21 22161.541
2455790.930116 0.11 1 21210.375
2455790.937025 0.52 1.02 21193.047
2455790.938194 -2.03 0.89 21190.147
2455790.939236 -1.83 0.98 21187.571
2455794.892523 -1.06 1.1 20171.144
2455794.893623 -0.17 1.11 20168.192
2455794.894687 -1.47 1.04 20165.338
2455794.895764 -1.53 1.03 20162.457
2455794.89684 -0.47 1.01 20159.581
2455801.843542 0.92 1.2 18076.461
2455801.844664 -4.94 1.17 18073.32
2455801.845752 -4.41 1.16 18070.278
2455801.846852 -1.42 1.28 18067.205
2455801.847963 -0.52 1.14 18064.101
2455843.803125 -2 1.27 447.683
2455843.804167 -3.78 1.22 444.975
2455843.805197 -4.28 1.31 442.305
2455843.806227 -1.25 1.29 439.643
2455843.807269 -3.74 1.22 436.96
2455845.742222 -8.29 1.52 -324.092
2455845.743484 -4.14 1.23 -327.743
2455845.744757 -3.13 1.29 -331.423
2455845.745868 -1.3 1.33 -334.631
2455850.804421 -1.61 1.38 -2846.516
2455850.805463 -0.54 1.3 -2849.043
2455850.806528 -0.58 1.31 -2851.615
2455850.807569 -2.18 1.44 -2854.12
2455850.808611 -0.67 1.34 -2856.615
2455852.755972 1.01 1.35 -3661.443
2455852.75706 2.39 1.35 -3664.44
2455852.758137 2.32 1.29 -3667.398
2455852.759213 2.42 1.37 -3670.349
2455852.760289 2.95 1.39 -3673.293
2455957.547986 2.27 1.27 -25710.048
2455957.549606 -2.63 1.31 -25712.295
2455957.553032 -0.64 1.21 -25716.942
2456094.941458 -0.21 1.17 24791.21
2456141.917361 -2.02 1.1 24491.217
2456141.918472 -1.9 1.11 24488.294
2456141.919618 -0.64 1.08 24485.282
2456141.920775 -1.18 1.08 24482.241
2456141.92191 -1.06 1 24479.263
2456146.898067 1.56 1.37 23567.17
2456146.90184 0.35 1.31 23557.101
2456146.904745 -0.05 1.36 23549.36
2456146.907558 3.01 1.38 23541.876
2456146.910139 2.13 1.41 23535.02
2456148.877616 0.76 0.96 23184.896
2456148.878866 0.41 0.99 23181.541
2456148.88015 -0.72 1.05 23178.091
2456148.881424 0.41 1.02 23174.672
2456173.785544 -0.01 1.19 15833.919
2456173.786701 -0.16 1.21 15830.695
2456173.787859 0.96 1.22 15827.467
2456173.789005 -0.77 1.16 15824.267
2456283.543553 2.2 1.12 -26308.833
2456283.545081 1.07 1.06 -26312.76
2456283.546412 1.2 1.07 -26316.177
2456283.547616 0.65 1.09 -26319.262
2456283.549167 1.08 1.05 -26323.23
2456285.591759 1.71 1.02 -26705.814
2456285.592917 2.81 1.07 -26708.447
2456285.594074 1.49 1.16 -26711.069
2456285.595231 1.47 1.04 -26713.681
2456285.596354 2.1 1.15 -26716.205
2456501.941238 -2.51 1.13 25289.557
2456501.94235 -2.55 1.2 25286.696
2456501.943472 -3.76 1.15 25283.809
2456501.944572 0.79 1.11 25280.984
2456501.945648 -0.44 1.21 25278.221
2456502.921644 -0.97 1.21 25196.835
2456502.922789 -1.77 1.18 25193.848
2456502.923935 -1.15 1.17 25190.863
2456502.925093 0.3 1.18 25187.848
2456502.926296 -1.34 1.2 25184.714
2456504.924826 -1.11 1.24 24879.434
2456504.92765 -2.71 1.21 24872.061
2456507.944456 1 1.16 24309.277
2456507.945521 3.68 1.17 24306.556
2456507.946597 2.02 1.13 24303.809
2456507.947685 1.23 1.2 24301.039
2456509.94331 0.58 1.11 23929.015
2456509.944317 2.11 1.11 23926.445
2456509.945336 1.02 1.1 23923.851
2456509.946331 1.03 1.06 23921.32
2456509.94735 1.15 1.12 23918.735
2456552.758079 2.86 1.24 10375.807
2456552.759236 0.67 1.35 10372.488
2456552.76059 1.96 1.31 10368.6
2456552.762257 -0.9 1.33 10363.812
2456552.763669 0.6 1.32 10359.751
2456606.648623 -1.87 1.28 -13968.565
2456606.649792 -1.03 1.4 -13971.912
2456606.650903 -0.18 1.34 -13975.09
2456606.652002 -0.63 1.45 -13978.234
2456867.888194 -4.33 2.21 25326.811
2456867.915926 -0.6 1.11 25254.781
2456867.919919 -1.76 1.08 25244.357
2456883.883935 2.46 1.03 22076.282
2456883.885023 -0.43 1.03 22073.335
2456883.886065 -1.81 1.01 22070.515
2456883.887118 0.2 1.01 22067.665
2457028.56963 -3.66 1.19 -27657.954
2457028.570833 -4.45 1.23 -27660.451
2457028.572025 -2.94 1.18 -27662.912
2457028.573194 -2.3 1.24 -27665.313
2457205.946748 -0.52 1.16 26443.75
2457205.947766 -1.12 1.09 26441.391
2457205.948796 -1.62 1.1 26439.002
2457206.946447 -2.59 1.16 26495.141
2457206.947512 -0.99 1.2 26492.657
2457206.948565 0.08 1.11 26490.197
2457268.862801 0.55 1.15 15905.868
2457268.864016 -0.73 1.26 15902.549
2457268.865197 -1.77 1.18 15899.33
2457327.717662 -0.49 1.35 -10016.878
2457327.718819 -2.74 1.3 -10020.04
2457327.719965 -1.17 1.23 -10023.164
2457327.721146 -1.35 1.36 -10026.374
2457395.571424 -1.83 1.33 -27722.71
2457395.572836 -4.01 1.28 -27725.536
2457395.574213 -3.88 1.31 -27728.275
2457620.81662 -1 0.93 20450.917
2457620.820405 -1.34 0.91 20440.733
2457626.873449 3.35 1.91 18423.12
2457626.874479 -2.8 1.46 18420.307
2457626.875498 1.74 1.6 18417.53
2457626.876597 0.63 1.23 18414.535
2457626.877674 0.58 1.16 18411.608
2457626.878866 1.2 1.22 18408.372
2458355.904873 -1.99 1.06 18802.209
2458355.905694 0.1 1.02 18800.077
2458355.906505 -1.42 1 18797.979
2458355.907303 -2.47 1.13 18795.915
2458355.908113 -1.62 1.07 18793.825
2458355.908924 -2 1.02 18791.739
2458355.909734 -2.85 1 18789.657
2458355.910544 -2.49 1.03 18787.579
2458355.911354 0.79 1 18785.505
2458675.944896 -0.09 1.14 26620.457
2458675.94669 -0.34 1.23 26616.05
2458675.948449 -1.06 1.19 26611.722
2458675.950093 -0.41 1.23 26607.674
2458675.951597 -0.53 1.11 26603.964
2458679.94169 -0.96 1.09 26510.503
2458679.9425 0.57 1.09 26508.481
2458679.943299 0.94 1.22 26506.486
2458679.944109 0.92 1.16 26504.462
2458679.944931 -1.82 1.26 26502.408
2458680.941354 0.61 1.14 26464.496
2458680.942153 -0.48 1.12 26462.495
2458680.942951 -0.34 1.15 26460.493
2458680.94375 2.37 1.09 26458.49
2458680.94456 0.21 1.05 26456.458
2458704.885185 2.53 1.05 23307.548
2458704.886111 4.34 1.07 23305.062
2458704.887002 3.78 1.13 23302.668
2458704.887894 3.15 1.05 23300.275
2458704.888785 2.33 1.18 23297.881
2458704.889687 3.74 1.2 23295.457
2458704.89059 1.88 1.1 23293.033
2458704.891516 2.3 1.04 23290.547
2458704.892431 3.77 1.1 23288.092
2458704.893345 2.62 1.1 23285.638
2458707.837222 -1.05 1.03 22736.446
2458707.838194 1.93 1.07 22733.898
2458707.83912 1.7 1.13 22731.468
2458707.840012 1.71 1.03 22729.125
2458707.840949 0.08 0.99 22726.658
2458707.841898 1.54 1.02 22724.157
2458707.842836 0.41 1.08 22721.683
2458707.843785 1.87 1.08 22719.176
2458707.844757 0.54 1.05 22716.604
2458707.845741 0.48 1.13 22713.999
2458707.846701 2.86 1.07 22711.451
2458710.900937 0.39 1.01 21811.657
2458710.901991 0.08 1.02 21808.839
2458710.90294 1.78 1.09 21806.302
2458710.903854 0.53 1.04 21803.861
2458710.904745 0.84 1.06 21801.484
2458710.90566 0.32 1.06 21799.048
2458737.786308 -0.28 1.3 12995.722
2458737.787523 -0.66 1.29 12992.246
2458737.788727 0.48 1.23 12988.802
2458737.789907 0.94 1.28 12985.423
2458737.791111 -0.47 1.32 12981.976
2458737.792303 -0.57 1.24 12978.562
2458737.793495 -0.81 1.29 12975.147
