BJDtcb1 BJDtcb2 BJDtdb1 BJDtdb2 RvTot ZB
2440000 0.00479421377197605 2440000 0.00484296903941061 -22250.0507119938 7.42181803385922e-05
2440010 0.0046856664996735 2440010 0.00473426671681433 -18547.7819773641 6.18687411321206e-05
2440020 0.00445572828211048 2440020 0.00450417345083977 -15041.5493537439 5.01732080055994e-05
2440030 0.0041117259888556 2440030 0.00416001611094195 -11770.322178233 3.92615686757303e-05
2440040 0.00366278253590695 2440040 0.00371091761297749 -8821.94770113887 2.9426850028158e-05
2440050 0.00312232421025934 2440050 0.00317030424373302 -6354.63893541543 2.1196793868028e-05
2440060 0.00250537305730272 2440060 0.00255319804836558 -4328.26416105096 1.44375351865955e-05
2440070 0.00182863541164872 2440070 0.00187630536122775 -2855.07703396429 9.52351187555323e-06
2440080 0.00111191123864323 2440080 0.00115942614735844 -1983.40013533875 6.61591071560164e-06
2440090 0.000374748623067329 2440090 0.000422108491235619 -1696.62252330011 5.65932356877408e-06
2440100 -0.000361978814595296 2440100 -0.000314773986980673 -2068.07795470183 6.8983655175936e-06
2440110 -0.00107639955520739 2440110 -0.00102934976849231 -3059.44453174153 1.0205208470393e-05
2440120 -0.0017485320868794 2440120 -0.00170163734171954 -4642.07771843818 1.54843045399033e-05
2440130 -0.00235797882314066 2440130 -0.00231123912050798 -6830.89427067328 2.27854106679137e-05
2440140 -0.00288601543728388 2440140 -0.00283943077844066 -9512.81742103305 3.17313433583211e-05
2440150 -0.0033170531529156 2440150 -0.00327062353936582 -12642.5826679657 4.21711164860783e-05
2440160 -0.00363657907273955 2440160 -0.00359030450621224 -16158.08868084 5.38975823095589e-05
2440170 -0.00383432589134614 2440170 -0.00378820637372949 -19898.6746769929 6.6374834142735e-05
2440180 -0.00390378333021408 2440180 -0.00385781886349726 -23801.6120697669 7.93936319430921e-05
2440190 -0.00384111850232989 2440190 -0.00379530908856147 -27734.9501079448 9.25138353812249e-05
2440200 -0.00364823034985532 2440200 -0.00360257599105443 -31538.070075535 0.000105199678090417
2440210 -0.00333042023763244 2440210 -0.00328492093573603 -35143.9027183067 0.000117227441119638
2440220 -0.0028965641663378 2440220 -0.00285121992314519 -38390.5796743521 0.000128057189732078
2440230 -0.0023608232883347 2440230 -0.00231563410542564 -41172.7308683423 0.000137337447189356
2440240 -0.00173926290277633 2440240 -0.00169422878148145 -43443.2200220658 0.000144910983791546
2440250 -0.00105115156993618 2440250 -0.00100627251128738 -45069.0434857932 0.000150334147117848
2440260 -0.00031864614240151 2440260 -0.00027392214708712 -46037.4530289957 0.000153564413648444
2440270 0.000436378578327481 2440270 0.00048094750995829 -46338.039960582 0.000154567063727074
2440280 0.00119030855665175 2440280 0.00123472242461595 -45914.0913006914 0.000153152923215605
2440290 0.0019199727636911 2440290 0.00196423156836494 -44844.4938537958 0.000149585130169605
2440300 0.00260438681536989 2440300 0.00264849055745499 -43151.5086512613 0.000143937939396932
2440310 0.00322267900510117 2440310 0.00326662768562275 -40869.1648991672 0.000136324860110948
2440320 0.00375730672572133 2440320 0.00380110034597663 -38131.8836210491 0.000127194272582565
2440330 0.0041937676790918 2440330 0.00423740624060292 -34977.8624737708 0.000116673590480287
2440340 0.00451930729751986 2440340 0.00456279080200665 -31514.7503090693 0.000105121891722404
2440350 0.00472604980386696 2440350 0.0047693782531714 -27883.5555174118 9.3009529670729e-05
2440360 0.0048089050263023 2440360 0.00485207842234528 -24126.9453602636 8.04788269899159e-05
2440370 0.00476570484588703 2440370 0.00480872319062306 -20391.8769768248 6.80199799316661e-05
2440380 0.00459921918836047 2440380 0.00464208248370112 -16785.885258248 5.59916862826748e-05
2440390 0.00431414048693909 2440390 0.00435684873472317 -13356.5426387365 4.45526306026567e-05
2440400 0.00391871922421995 2440400 0.00396127242615834 -10251.9562933334 3.41968452499675e-05
2440410 0.00342500812252689 2440410 0.0034674062801436 -7524.60911472305 2.50993943107236e-05
2440420 0.00284606213906912 2440420 0.00288830525368572 -5231.48281408239 1.74503483142407e-05
2440430 0.00219845587599241 2440430 0.00224054394867351 -3485.13014774614 1.16251428438074e-05
2440440 0.00150064650332269 2440440 0.00154257953484669 -2280.66062020023 7.60746496231146e-06
2440450 0.000771368302469858 2440450 0.00081314629332469 -1676.62217545055 5.5926095894332e-06
2440460 3.19771396328571e-05 2440460 7.36000899753229e-05 -1724.20357553681 5.75132405611356e-06
2440470 -0.00069659692795438 2440470 -0.000655129018292002 -2368.66631582086 7.90102036463125e-06
2440480 -0.00139377806096791 2440480 -0.00135246519247237 -3651.26795537743 1.21793189186148e-05
2440490 -0.00203819370026651 2440490 -0.00199703587375595 -5539.85318788428 1.84789611614722e-05
2440500 -0.00261118407983845 2440500 -0.00257018129642033 -7946.99443296879 2.65083200757799e-05
2440510 -0.00309520986440717 2440510 -0.00305436212546091 -10870.8201596045 3.62611529060031e-05
2440520 -0.00347441588462005 2440520 -0.0034337231917709 -14193.2937163105 4.73437317636272e-05
2440530 -0.00373741045911247 2440530 -0.00369687281416231 -17812.6350358163 5.94165548881698e-05
2440540 -0.00387481808627681 2440540 -0.00383443549117288 -21669.5179425931 7.22817314590118e-05
2440550 -0.0038813376451174 2440550 -0.00384111010188916 -25586.4338919185 8.53471567050512e-05
2440560 -0.00375671808364283 2440560 -0.00371664559432362 -29469.8371544602 9.83007956606441e-05
2440570 -0.00350332953695151 2440570 -0.00346341210353791 -33214.6389402655 0.00011079210985443
2440580 -0.00312886436978272 2440580 -0.00308910199415205 -36640.8063812788 0.000122220574279019
2440590 -0.00264501857650094 2440590 -0.00260541126034916 -39689.9520192616 0.00013239142933763
2440600 -0.00206588597506191 2440600 -0.00202643371986647 -42247.495725752 0.000140922476861483
2440610 -0.00141024940763214 2440610 -0.00137095221457925 -44197.6109098533 0.000147427360930652
2440620 -0.000698400795309204 2440620 -0.000659258665270436 -45537.6068885004 0.000151897106392518
2440630 4.80814202868265e-05 2440630 8.70684867744682e-05 -46183.8621956519 0.000154052782060488
2440640 0.000805247578283468 2440640 0.000844079581054327 -46126.4252652065 0.000153861193083138
2440650 0.00155058150076973 2440650 0.00158925844000726 -45416.7026482315 0.000151493813257408
2440660 0.00226170365650885 2440660 0.00230022553274352 -44025.6297896652 0.000146853693663185
2440670 0.00291684357608642 2440670 0.00295521039018625 -42045.0003025897 0.000140247024835394
2440680 0.0034978190892263 2440680 0.00353603084234122 -39554.7049630917 0.000131940293718436
2440690 0.00398767263400524 2440690 0.00402572932754811 -36583.8028123635 0.000122030430840137
2440700 0.00437259495820566 2440700 0.00441049659380346 -33284.9009262251 0.000111026478612164
2440710 0.00464306143048643 2440710 0.00468080800991382 -29733.7312565418 9.91810516345337e-05
2440720 0.00479135478657424 2440720 0.00482894631172555 -26009.3545556571 8.67578681904568e-05
2440730 0.00481436740495515 2440730 0.00485180387777286 -22273.2445628209 7.4295546697245e-05
2440740 0.00471263799747568 2440740 0.00474991941989396 -18576.5106965468 6.19645698243243e-05
2440750 0.00448880941688358 2440750 0.00452593579079559 -15033.0106125059 5.01447258306476e-05
2440760 0.00415035689456394 2440760 0.00418732822174695 -11770.588196832 3.92624560182631e-05
2440770 0.00370699457449176 2440770 0.00374381085657242 -8810.61726016229 2.93890557452325e-05
2440780 0.00317072400463507 2440780 0.00320738524305394 -6288.92025424114 2.09775799437928e-05
2440790 0.0025574610973933 2440790 0.00259396729334417 -4266.51089993653 1.42315484799038e-05
2440800 0.00188375543469952 2440800 0.00192010658911955 -2744.46349328599 9.15454481942302e-06
2440810 0.00116838368435124 2440810 0.00120457979788648 -1838.70826790624 6.13327059717506e-06
2440820 0.000432187371160892 2440820 0.000468228444134227 -1542.12803918794 5.14398544071426e-06
2440830 -0.000304816945999917 2440830 -0.000268930913575956 -1855.25996055847 6.18848110101045e-06
2440840 -0.0010210199011923 2440840 -0.000985288909640247 -2828.91123276898 9.43623215754474e-06
2440850 -0.00169523282864849 2440850 -0.0016596568786194 -4389.00607469429 1.46401484012459e-05
2440860 -0.00230828323476854 2440860 -0.00227286232721075 -6524.65188819838 2.17638960356981e-05
2440870 -0.00284082903857269 2440870 -0.00280556317473445 -9207.61845888561 3.07133092016798e-05
2440880 -0.00327660008632214 2440880 -0.00324148926770396 -12308.1338678391 4.10555153720349e-05
2440890 -0.00360220170976221 2440890 -0.00356724593807228 -15792.7877444089 5.26790695462021e-05
2440900 -0.00380605355753897 2440900 -0.00377125283466505 -19550.1747567347 6.52123635369595e-05
2440910 -0.00388171576637523 2440910 -0.00384707009430493 -23427.5177150353 7.81457874935443e-05
2440920 -0.00382594401438184 2440920 -0.00379145339515306 -27364.4736362945 9.12780588906426e-05
2440930 -0.00363908750898289 2440930 -0.00360475194462812 -31193.7842791823 0.000104051264288918
2440940 -0.00332721231774189 2440940 -0.00329303181019959 -34787.4459035882 0.00011603842917085
2440950 -0.00289903636327901 2440950 -0.00286501091435243 -38072.9047292766 0.000126997540175866
2440960 -0.00236750787029688 2440960 -0.00233363748158852 -40882.7548076755 0.000136370191166302
2440970 -0.00174985136073647 2440970 -0.00171613603358177 -43159.5718274355 0.000143964835257582
2440980 -0.00106448502030409 2440980 -0.00103092475575291 -44846.2760146635 0.000149591074818378
2440990 -0.000333149735609016 2440990 -0.000299744534374102 -45835.8367921557 0.000152891894272256
2441000 0.000421152260596765 2441000 0.000454402398159306 -46160.3258261884 0.000153974273182644
2441010 0.0011760575273104 2441010 0.00120915260119122 -45797.840390134 0.000152765151917644
2441020 0.00190786774125253 2441020 0.00194080775180971 -44737.1581851525 0.00014922709691767
2441030 0.00259491574405155 2441030 0.00262770069197914 -43080.0228295905 0.000143699488362681
2441040 0.00321754242071989 2441040 0.00325017230701676 -40839.6941282538 0.000136226556200603
2441050 0.0037569518435236 2441050 0.00378942666948005 -38098.2728325408 0.000127082159059988
2441060 0.00419866040193322 2441060 0.00423098016906411 -34982.9977070509 0.000116690719774715
2441070 0.00453063794840031 2441070 0.00456280265840706 -31531.3381412407 0.000105177222774699
2441080 0.00474350230030274 2441080 0.00477551195503222 -27887.3741647343 9.3022267307119e-05
2441090 0.00483288371337863 2441090 0.00486473831474546 -24161.1046503926 8.05927701169606e-05
2441100 0.0047965573346395 2441100 0.0048282568845928 -20406.6749904596 6.80693407919541e-05
2441110 0.00463607056860382 2441110 0.00466761506906872 -16786.6099522562 5.59941036016864e-05
2441120 0.00435726113399552 2441120 0.00438865058680665 -13368.4444499963 4.45923307716978e-05
2441130 0.00396753111829259 2441130 0.00399876552516979 -10221.6366234861 3.40957097175743e-05
2441140 0.0034783988886355 2441140 0.00350947825112002 -7484.39831515784 2.4965265520982e-05
2441150 0.00290403065916576 2441150 0.0029349549785792 -5177.18214093506 1.72692207651703e-05
2441160 0.00225965481184732 2441160 0.00229042408927516 -3378.1301019663 1.12682291092403e-05
2441170 0.00156403974204814 2441170 0.00159465397828486 -2169.11862847332 7.23540092684161e-06
2441180 0.000836545670784351 2441180 0.000867004866324238 -1527.15474337348 5.09403990200941e-06
2441190 9.71723409183098e-05 2441190 0.000127476495945555 -1525.49287260863 5.08849649782928e-06
2441200 -0.00063211285627021 2441200 -0.000601963741912025 -2166.95258132108 7.22817577125667e-06
2441210 -0.00133084067112089 2441210 -0.00130084659790556 -3397.64836332031 1.13333350211242e-05
2441220 -0.00197850528817987 2441220 -0.00194866625689915 -5254.24385458988 1.75262709730672e-05
2441230 -0.00255503935388334 2441230 -0.00252535536564012 -7656.02788103099 2.55377601294793e-05
2441240 -0.00304367911577421 2441240 -0.0030141501719313 -10529.6221645163 3.51230389008528e-05
2441250 -0.00342861639377175 2441250 -0.00339924249593708 -13847.3706792929 4.61898567151175e-05
2441260 -0.00369717170382242 2441260 -0.00366795285380053 -17459.2116874377 5.82376614939317e-05
2441270 -0.00384108355814593 2441270 -0.00381201975786942 -21284.4056546203 7.09971351401384e-05
2441280 -0.00385423878515162 2441280 -0.00382533003664791 -25225.8446845895 8.41443605782421e-05
2441290 -0.00373568649432943 2441290 -0.00370693279964067 -29103.7159737208 9.7079546856782e-05
2441300 -0.00348881211397938 2441300 -0.00346021347509523 -32847.3216933617 0.000109566871403288
2441310 -0.00311991490271238 2441310 -0.00309147132152483 -36318.5515943923 0.000121145648014909
2441320 -0.00263967445863445 2441320 -0.00261138593686989 -39368.0918951063 0.000131317819526688
2441330 -0.0020653779791264 2441330 -0.00203724451824319 -41956.7386098771 0.00013995261551869
2441340 -0.00141286268117725 2441340 -0.0013848842823882 -43955.8183263183 0.000146620827687127
2441350 -0.000703371980247256 2441350 -0.000675548644435765 -45302.8953764163 0.000151114193060908
2441360 4.16211529183058e-05 2441360 6.92894252017593e-05 -46003.1195017603 0.000153449889328972
2441370 0.000799187966168059 2441370 0.000826701174728517 -45981.7450598321 0.00015337859186515
2441380 0.00154543980771445 2441380 0.00157279795272735 -45284.0893169515 0.000151051462798812
2441390 0.00225872722145207 2441390 0.00228593030342854 -43952.8000247411 0.000146610759716781
2441400 0.00291748103747443 2441400 0.00294452905726002 -41985.5543422037 0.0001400487344555
2441410 0.00350225193866206 2441410 0.00352914489740389 -39510.5760215919 0.000131793095414001
2441420 0.00399719511226793 2441420 0.00402393301135879 -36586.4525810706 0.000122039269517149
2441430 0.00438781000683942 2441430 0.00441439284789695 -33277.7429659838 0.000111002602226851
2441440 0.00466387056582585 2441440 0.00469029835062624 -29743.7905327912 9.92146057683385e-05
2441450 0.00481875326757825 2441450 0.00484502599800038 -26038.7486620453 8.68559163754723e-05
2441460 0.00484801639155185 2441460 0.00487413406954348 -22276.1890859313 7.43053685691164e-05
2441470 0.00475229157738432 2441470 0.0047782542048834 -18595.6552797114 6.20284292799367e-05
2441480 0.00453486132984644 2441480 0.00456066890874005 -15038.71065057 5.01637391110421e-05
2441490 0.00420170617677257 2441490 0.00422735870885505 -11743.094844747 3.9170748067141e-05
2441500 0.00377493533731946 2441500 0.00380043282404234 -8794.35264081283 2.93348028148621e-05
2441510 0.00324329913343038 2441510 0.0032686415764196 -6229.24727440652 2.07785323085297e-05
2441520 0.00263316315811028 2441520 0.00265835055858301 -4181.39615476399 1.39476362502888e-05
2441530 0.00196230527117313 2441530 0.00198733763007087 -2649.73251730507 8.83855629651986e-06
2441540 0.00124865166988084 2441540 0.00127352898786715 -1686.97792124309 5.62715263918712e-06
2441550 0.000512673658867146 2441550 0.00053739593628817 -1370.61960056796 4.57189486924303e-06
2441560 -0.000224436625921706 2441560 -0.000199869389048414 -1660.81091661089 5.53986890694524e-06
2441570 -0.000942353847333946 2441570 -0.000917941651305978 -2577.71413884522 8.59832884403389e-06
2441580 -0.00161938767341327 2441580 -0.00159513051886453 -4131.76584064093 1.37820873420402e-05
2441590 -0.00223566899455498 2441590 -0.00221156688242744 -6230.63537324621 2.07831625078647e-05
2441600 -0.00277307055797988 2441600 -0.0027491234894966 -8873.22500187852 2.95978926924123e-05
2441610 -0.00321411850715593 2441610 -0.00319032648381089 -11980.6973061476 3.99633045676806e-05
2441620 -0.00354544043085695 2441620 -0.00352180345435147 -15426.7772579965 5.14581899788702e-05
2441630 -0.00375612482890826 2441630 -0.00373264290111284 -19173.0957540226 6.39545633733807e-05
2441640 -0.00383823107643399 2441640 -0.00381490419934228 -23066.3953550069 7.69412129607572e-05
2441650 -0.00378922516228294 2441650 -0.00376605333792784 -26977.6078853816 8.99876136489786e-05
2441660 -0.00360932223333998 2441660 -0.00358630546375109 -30830.4528698601 0.000102839321160841
2441670 -0.00330331931657643 2441670 -0.00328045760370895 -34443.4375324073 0.000114890940760115
2441680 -0.0028810518503721 2441680 -0.00285834519602872 -37726.090182333 0.000125840691370338
2441690 -0.00234301203401213 2441690 -0.00232046043998794 -40587.4321059755 0.000135385100668461
2441700 -0.00172901291443937 2441700 -0.00170661638191214 -42881.3170853934 0.000143036677344943
2441710 -0.00104699532096252 2441710 -0.00102475385098687 -44589.545826802 0.000148734715090137
2441720 -0.00031738988808207 2441720 -0.000295303481395871 -45640.9177063661 0.000152241714187373
2441730 0.000436432159619982 2441730 0.000458363502641249 -45976.3577939086 0.000153360621880316
2441740 0.00119144400891671 2441740 0.0012132202882546 -45653.1992138652 0.000152282680886739
2441750 0.00192523132493699 2441750 0.00194685254092059 -44643.0281394623 0.000148913112882454
2441760 0.00261496947942036 2441760 0.00263643563273266 -42989.6867558903 0.000143398159655805
2441770 0.00324101463697933 2441770 0.0032623257286079 -40795.4780600796 0.000136079067272865
2441780 0.0037853835518673 2441780 0.00380653958307855 -38077.261918587 0.000127012074194965
2441790 0.00423209361323763 2441790 0.00425309458554579 -34960.3370603799 0.00011661513199368
2441800 0.00456979332624571 2441800 0.00459063924134099 -31549.0349261823 0.000105236252895269
2441810 0.00478914155540827 2441810 0.00480983241512574 -27896.3808224535 9.3052310283448e-05
2441820 0.00488448598208352 2441820 0.00490502178834588 -24166.0798689358 8.06093656596785e-05
2441830 0.00485467936912025 2441830 0.004875060123868 -20434.1289059805 6.81609171968578e-05
2441840 0.00470049288283709 2441840 0.00472071858799876 -16779.6550642775 5.59709045925283e-05
2441850 0.00442714645835902 2441850 0.00444721711578221 -13357.7683620966 4.45567191756924e-05
2441860 0.00404310394269028 2441860 0.00406301955409135 -10206.7974921301 3.40462117033313e-05
2441870 0.00355854345678317 2441870 0.00357830402372068 -7421.53556387547 2.47555779534503e-05
2441880 0.00298786506341514 2441880 0.00300747058722436 -5111.87711940096 1.70513866609712e-05
2441890 0.0023469232099701 2441890 0.00236637369174047 -3280.64732641889 1.09430615710115e-05
2441900 0.00165306278280324 2441900 0.00167235822335528 -2024.45238818572 6.75284629136907e-06
2441910 0.000926611106997135 2441910 0.000945751506836184 -1378.8479583995 4.59934171659349e-06
2441920 0.000187492705295927 2441920 0.000206478064618381 -1324.9682134089 4.41961823272052e-06
2441930 -0.000543305304777452 2441930 -0.000524474986100602 -1931.76933172616 6.44368889268776e-06
2441940 -0.00124397328821454 2441940 -0.00122529801065047 -3154.1952947519 1.05212629957219e-05
2441950 -0.00189477095786532 2441950 -0.00187625072218727 -4954.23616150816 1.65255530261144e-05
2441960 -0.00247580268233031 2441960 -0.00245743748962002 -7342.07701321481 2.44905327578815e-05
2441970 -0.00296905724253034 2441970 -0.00295084709414882 -10200.9622092535 3.40267472948019e-05
2441980 -0.00335987933286782 2441980 -0.00334182423040329 -13475.8153157322 4.49504814284962e-05
2441990 -0.00363488365238387 2441990 -0.00361698359763212 -17097.7627510084 5.70319976195277e-05
2442000 -0.00378507552864755 2442000 -0.00376733052354382 -20905.2496229734 6.97324067537863e-05
2442010 -0.00380541322025169 2442010 -0.00378782326680938 -24831.9961588596 8.28306233069398e-05
2442020 -0.0036936100078545 2442020 -0.0036761751081225 -28741.0233857604 9.58697346074011e-05
2442030 -0.00345308210660823 2442030 -0.00343580226258244 -32471.8370738902 0.00010831438952974
2442040 -0.00309069615457361 2442040 -0.00307357136814345 -35962.5226224753 0.000119958063196091
2442050 -0.00260523782362061 2442050 -0.00258826809669436 -39054.1129623842 0.000130270498540641
2442060 -0.00203528683268027 2442060 -0.00201847216656798 -41641.9712086798 0.000138902664484908
2442070 -0.00138643675408057 2442070 -0.00136977715000561 -43689.2743485894 0.00014573173267951
2442080 -0.000678818710497929 2442080 -0.000662314169371497 -45074.5464345969 0.000150352502979234
2442090 6.48351622124395e-05 2442090 8.11846398315991e-05 -45787.6523957628 0.000152731168426401
2442100 0.00082238051159923 2442100 0.000838574925495728 -45827.9044541386 0.000152865434840721
2442110 0.0015702568191162 2442110 0.00158629616943996 -45151.6883586838 0.000150609820740333
2442120 0.00228556605528369 2442120 0.00230145034253966 -43843.1685982388 0.000146245068640916
2442130 0.00294788374933254 2442130 0.00296361297434237 -41931.1436425325 0.000139867239897451
2442140 0.00353718560103587 2442140 0.00355275976493169 -39456.3468963077 0.000131612206522913
2442150 0.00403687565744815 2442150 0.0040522947616194 -36558.8541518069 0.000121947211066287
2442160 0.00443355886652238 2442160 0.00444882291256622 -33281.8019181564 0.000111016141433939
2442170 0.00471573932776351 2442170 0.00473084831745531 -29731.3669114002 9.91731650280547e-05
2442180 0.0048768124254856 2442180 0.00489176636070315 -26050.6508961073 8.68956179548297e-05
2442190 0.00491300451872866 2442190 0.00492780340140828 -22286.927156972 7.4341186918625e-05
2442200 0.00482343963319267 2442200 0.00483808346528424 -18582.2850551684 6.1983831011414e-05
2442210 0.00461214344637276 2442210 0.00462663222976374 -15041.1428337127 5.01718520007355e-05
2442220 0.00428505788385371 2442220 0.00429939162033944 -11716.793317258 3.90830156149491e-05
2442230 0.00385151208174797 2442230 0.00386569077297915 -8741.38255458981 2.91581136260266e-05
2442240 0.00332455254821309 2442240 0.00333857619563811 -6176.49089939801 2.06025559835732e-05
2442250 0.00271819421196286 2442250 0.00273206281681281 -4103.53234284661 1.36879105305798e-05
2442260 0.00204973157574361 2442260 0.00206344513898143 -2526.15386405027 8.42634227993244e-06
2442270 0.00133820152346901 2442270 0.00135176004576248 -1544.98953147656 5.15353035157595e-06
2442280 0.000602812925762087 2442280 0.000616216407481127 -1170.60799140941 3.90472795486208e-06
2442290 -0.000134848833223841 2442290 -0.000121600392043982 -1451.51574029145 4.84173534576193e-06
2442300 -0.000853793501590853 2442300 -0.000840700101240387 -2331.7187875194 7.77777667615442e-06
2442310 -0.00153361310283043 2442310 -0.001520674743916 -3839.44721099267 1.28070173499584e-05
2442320 -0.00215332608446792 2442320 -0.00214054276792149 -5936.70639355853 1.98027209662444e-05
2442330 -0.00269482028857373 2442330 -0.0026821920156081 -8533.48755894149 2.84646505648301e-05
2442340 -0.00314141749006945 2442340 -0.003128944262156 -11618.7825579285 3.87560869123948e-05
2442350 -0.00347830840391751 2442350 -0.00346599022275729 -15069.0637265834 5.02649860744109e-05
2442360 -0.00369525317551708 2442360 -0.00368309004296985 -18776.3172709057 6.2631052816231e-05
2442370 -0.00378428902960562 2442370 -0.00377228094765464 -22677.9929127667 7.56456418685714e-05
2442380 -0.00374161067045324 2442380 -0.00372975764114077 -26597.046358497 8.87181970351536e-05
2442390 -0.00356849344056775 2442390 -0.00355679546591627 -30433.4207402756 0.000101514964530147
2442400 -0.00326889065711997 2442400 -0.00325734773909066 -34083.700068799 0.000113690985744541
2442410 -0.00285196775387676 2442410 -0.0028405798942887 -37375.7445799622 0.000124672064231723
2442420 -0.00231926367863693 2442420 -0.00230803087928532 -40250.8710813525 0.000134262453931888
2442430 -0.00170924900406292 2442430 -0.00169817126614648 -42599.772684378 0.000142097546311115
2442440 -0.00103004205612703 2442440 -0.0010191193807186 -44316.929814609 0.000147825365955701
2442450 -0.000302718471511572 2442450 -0.000291950859357212 -45407.9391303303 0.000151464581308214
2442460 0.000450693441490348 2442460 0.000461305989986135 -45797.4904945429 0.000152763984791582
2442470 0.00120619239932325 2442470 0.0012166498841281 -45481.5111357699 0.000151709991102478
2442480 0.00194136379366955 2442480 0.00195166621509866 -44523.3820956789 0.000148514016639067
2442490 0.00263425584007527 2442490 0.00264440319878418 -42904.5425177436 0.000143114149048218
2442500 0.00326381489727674 2442500 0.00327380719424743 -40715.9347480137 0.000135813739343682
2442510 0.00381270818309997 2442510 0.00382254541958319 -38046.3046126752 0.000126908811737603
2442520 0.00426506426034984 2442520 0.00427474643784242 -34934.0244392843 0.0001165273625372
2442530 0.00460822740063288 2442530 0.00461775452082788 -31527.8692914557 0.0001051656519373
2442540 0.00483391068324405 2442540 0.00484328274796301 -27907.0476827945 9.30878910996302e-05
2442550 0.00493577001297491 2442550 0.00494498702413775 -24153.6032695946 8.05677482039746e-05
2442560 0.00491194986197916 2442560 0.00492101182153456 -20426.7781212126 6.8136397618157e-05
2442570 0.00476426800871133 2442570 0.0047731749185798 -16778.583956747 5.59673317623854e-05
2442580 0.00449666868486549 2442580 0.00450542054690637 -13317.1274885604 4.4421155813601e-05
2442590 0.00411773899140683 2442590 0.00412633580734631 -10169.6736247266 3.39223798109245e-05
2442600 0.00363828373618562 2442600 0.00364672550758238 -7361.33735847476 2.45547783542799e-05
2442610 0.00307126905965235 2442610 0.00307955578786402 -5010.02240719068 1.67116359117703e-05
2442620 0.0024334107459628 2442620 0.00244154243208781 -3177.37572940603 1.05985846028389e-05
2442630 0.00174200734900713 2442630 0.00174998399387572 -1873.96204779508 6.25086454908441e-06
2442640 0.00101629937874987 2442640 0.00102412098289393 -1194.56201428465 3.98462997452942e-06
2442650 0.000277460115331916 2442650 0.000285126678955051 -1130.7647544627 3.77182522204311e-06
2442660 -0.000454241110978853 2442660 -0.000446729587987317 -1678.14052815293 5.5976742688868e-06
2442670 -0.00115732880754007 2442670 -0.00114997232562379 -2881.83273351829 9.61275928268446e-06
2442680 -0.0018108800506924 2442680 -0.00180367861061945 -4662.52377668396 1.55525052490946e-05
2442690 -0.00239612312300345 2442690 -0.00238907672583297 -6997.21542987198 2.33401983377179e-05
2442700 -0.00289448744336543 2442700 -0.00288759609044448 -9855.51094100004 3.28744458975017e-05
2442710 -0.00329059919276995 2442710 -0.00328386288568398 -13105.1205496757 4.37139767861527e-05
2442720 -0.00357216706285576 2442720 -0.0035655858033808 -16698.1074501467 5.56988910312972e-05
2442730 -0.00372894126225399 2442730 -0.00372251505232499 -20522.6003515498 6.84560261737799e-05
2442740 -0.00375585475243534 2442740 -0.00374958359406581 -24426.2304100758 8.14771344583853e-05
2442750 -0.00365124673082355 2442750 -0.00364513062605276 -28340.5289798451 9.45338290659903e-05
2442760 -0.00341704146522283 2442760 -0.00341108041606021 -32100.9788525326 0.000107077339659201
2442770 -0.00306077033718389 2442770 -0.0030549643455221 -35580.4352115974 0.00011868355678113
2442780 -0.00258112068173015 2442780 -0.00257546974948219 -38709.832449012 0.000129122102361268
2442790 -0.00201548486743913 2442790 -0.00200998899593823 -41330.5575611115 0.000137863900369073
2442800 -0.00137057646144443 2442800 -0.00136523565191974 -43384.9557452139 0.000144716635083642
2442810 -0.000665738658148553 2442810 -0.000660552911529286 -44827.7972524237 0.000149529436302309
2442820 7.67600456530387e-05 2442820 8.17907287829447e-05 -45565.8050601614 0.000151991165368681
2442830 0.000833605188697357 2442830 0.000838480808115457 -45630.7985573921 0.000152207960339656
2442840 0.00158241976413803 2442840 0.00158714031996884 -45013.2183734624 0.000150147934587008
2442850 0.00229989693701316 2442850 0.00230446242974257 -43713.9999575744 0.000145814208433404
2442860 0.00296483506860204 2442860 0.00296924549904468 -41837.1528513026 0.000139553720365115
2442870 0.00355836033306416 2442870 0.0035626157023273 -39404.0478873963 0.00013143775580704
2442880 0.00406275132039198 2442880 0.00406685162985767 -36500.2145049244 0.000121751610258736
2442890 0.00446453204627683 2442890 0.00446847729753606 -33258.5397920477 0.000110938547333461
2442900 0.00475291447766739 2442900 0.00475670467247842 -29720.8803554087 9.91381856424445e-05
2442910 0.00491985358521842 2442910 0.00492348872546425 -26024.8351002726 8.68095057290352e-05
2442920 0.00496221220298571 2442920 0.00496569229059799 -22286.8117459193 7.43408019487912e-05
2442930 0.00487911946421592 2442930 0.0048824445011398 -18563.1295046421 6.19199349726207e-05
2442940 0.00467335685135534 2442940 0.00467652683949284 -15005.6449959762 5.00534439594746e-05
2442950 0.00435194275865773 2442950 0.00435495769980205 -11685.0355653171 3.89770831570324e-05
2442960 0.00392348259125255 2442960 0.00392634248706345 -8670.29229903507 2.89209820583114e-05
2442970 0.00340041589099498 2442970 0.00340312074293936 -6092.17026700841 2.03212926290774e-05
2442980 0.00279782823169649 2442980 0.00280037804100735 -3784.63035974025 1.26241680160621e-05
2442990 0.00213178663847435 2442990 0.00213418140613554 -2372.94959409579 7.91530784305383e-06
2443000 0.00142156793441145 2443000 0.00142380766110794 -1382.55775444379 4.61171626420231e-06
2443010 0.000687028284397756 2443010 0.000689112970506665 -973.699037208999 3.24791038341932e-06
2443020 -5.1552897700685e-05 2443020 -4.96232521167015e-05 -1204.40604594183 4.0174661296577e-06
2443030 -0.000772202280349764 2443030 -0.000770427675568741 -2077.49589447712 6.92978038319136e-06
2443040 -0.00145450892877011 2443040 -0.00145288936538656 -3536.97151493857 1.17980670312212e-05
2443050 -0.00207839450947104 2443050 -0.00207692998839079 -5603.58935916322 1.86915621445127e-05
2443060 -0.00262438039719407 2443060 -0.00262307091962498 -8194.8209810969 2.73349804587042e-05
2443070 -0.00307640038838447 2443070 -0.00307524595578349 -11232.2932787017 3.74668974451042e-05
2443080 -0.00341978468528734 2443080 -0.00341878529933889 -14679.5481527777 4.89657019749901e-05
2443090 -0.00364302667140355 2443090 -0.00364218233397046 -18383.7163825236 6.13214772151593e-05
2443100 -0.00373914780202831 2443100 -0.00373845851508162 -22255.0735724859 7.42349347977456e-05
2443110 -0.0037036397343534 2443110 -0.00370310549993404 -26198.8275417477 8.73898820421548e-05
2443120 -0.00353704849048905 2443120 -0.00353666931062949 -30035.488408008 0.000100187605146518
2443130 -0.00324431868343645 2443130 -0.00324409456009249 -33685.4183970768 0.000112362461089921
2443140 -0.00283332315995422 2443140 -0.0028332540949596 -37021.8323496986 0.000123491540103049
2443150 -0.00230565429806904 2443150 -0.0023057402932328 -39900.6526153647 0.000133094250874599
2443160 -0.00170040890636605 2443160 -0.00170064996289103 -42280.584173854 0.000141032848044009
2443170 -0.00102430718364696 2443170 -0.00102470330263181 -44047.6745251084 0.000146927226985505
2443180 -0.000299230651935647 2443180 -0.000299781834139723 -45145.5275769311 0.000150589270584423
2443190 0.000452780450185265 2443190 0.000452074204344337 -45587.055306783 0.000152062048561552
2443200 0.001208715565604 2443200 0.00120785425606538 -45310.8625262012 0.000151140768612001
2443210 0.00194489665936909 2443210 0.00194388028643906 -44362.9640318958 0.000147978919576075
2443220 0.00263999729611473 2443220 0.00263882586043026 -42799.8111636261 0.000142764802854467
2443230 0.00327320297025947 2443230 0.00327187647278024 -40628.9197791459 0.000135523488650091
2443240 0.00382591836837126 2443240 0.0038244368103453 -37972.9713660933 0.000126664198357163
2443250 0.00428330805253524 2443250 0.00428167143544059 -34903.0486273973 0.000116424038350549
2443260 0.00463213714550989 2443260 0.0046303454710298 -31488.7763238062 0.000105035251833474
2443270 0.00486331776272899 2443270 0.00486137103268763 -27883.3044129829 9.30086920765127e-05
2443280 0.00497155518044514 2443280 0.00496945339674877 -24147.0763811502 8.05459768475902e-05
2443290 0.00495380185277969 2443290 0.00495154501738182 -20391.6837886411 6.8019335525249e-05
2443300 0.00481182334456606 2443300 0.00480941145939281 -16756.1340619081 5.58924469737931e-05
2443310 0.0045502165215059 2443310 0.00454764958841215 -13282.1593157298 4.43045145442911e-05
2443320 0.004176167815218 2443320 0.00417344583594718 -10097.5079413239 3.36816610020385e-05
2443330 0.00370117856239571 2443330 0.00369830153851292 -7292.28224591364 2.43244352928773e-05
2443340 0.00313820955777969 2443340 0.00313517749064908 -4903.10206266959 1.63549880319858e-05
2443350 0.00250284381056534 2443350 0.00249965670130942 -3037.22239880955 1.01310834137447e-05
2443360 0.00181353132688646 2443360 0.0018101891763417 -1726.09455912533 5.75763169841093e-06
2443370 0.0010888368495743 2443370 0.00108533965828929 -990.684895324553 3.30456910735411e-06
2443380 0.000349467724027232 2443380 0.000345815492229519 -905.462680378224 3.02029839716056e-06
2443390 -0.000383157277330224 2443390 -0.000386964549745213 -1432.00449995677 4.77665285347761e-06
2443400 -0.0010886659821682 2443400 -0.00109262829562091 -2578.57049251766 8.60118533241305e-06
2443410 -0.00174575435445861 2443410 -0.00174987170969981 -4351.99630600259 1.45166971011745e-05
2443420 -0.00233492586700048 2443420 -0.00233919826508323 -6656.40779676833 2.22033864399895e-05
2443430 -0.00283873210512093 2443430 -0.00284315954736884 -9474.0835245777 3.16021409870748e-05
2443440 -0.00324068812151634 2443440 -0.00324527060950861 -12729.3880166455 4.24606679619854e-05
2443450 -0.00352842974058425 2443450 -0.0035331672760918 -16291.0751266507 5.43411773442637e-05
2443460 -0.00369241767210332 2443460 -0.00369731025704498 -20105.4867787714 6.7064685058793e-05
2443470 -0.0037261301230112 2443470 -0.00373117775940691 -24025.35013447 8.01399417942328e-05
2443480 -0.00362847015161749 2443480 -0.00363367284150421 -27918.356970348 9.31256148223314e-05
2443490 -0.00340137772666389 2443490 -0.00340673547204849 -31703.4303093946 0.000105751260458309
2443500 -0.00305111252965607 2443500 -0.00305662533244837 -35205.5135854473 0.00011743295285116
2443510 -0.00257734646761564 2443510 -0.00258301432973056 -38332.7113349619 0.000127864161729385
2443520 -0.00201677137557821 2443520 -0.00202259429836173 -41004.3828841333 0.000136775898759045
2443530 -0.00137547498621221 2443530 -0.00138145297091592 -43081.145125842 0.000143703231940018
2443540 -0.000673858688299885 2443540 -0.000679991735859071 -44543.8644135979 0.000148582338297509
2443550 6.69762024648137e-05 2443550 6.06880914420641e-05 -45341.6983953552 0.000151243625999942
2443560 0.00082348210110161 2443560 0.000817038926372315 -45421.6698982031 0.000151510382219833
2443570 0.00157253408154659 2443570 0.00156593584322633 -44841.3275967468 0.000149574568672928
2443580 0.00229203144160717 2443580 0.00228527814015418 -43591.643930037 0.000145406072657228
2443590 0.00295978990788313 2443590 0.00295288154409964 -41718.6621696781 0.000139158477995061
2443600 0.00355678661179226 2443600 0.00354972318677545 -39329.1061612163 0.000131187777116182
2443610 0.00406610049867356 2443610 0.00405888201378297 -36450.3742281578 0.000121585360990495
2443620 0.00447289249842016 2443620 0.0044655189552454 -33203.1936249017 0.000110753932391794
2443630 0.00476689276119512 2443630 0.00475936416148506 -29701.9480802533 9.90750343701219e-05
2443640 0.00494015594835881 2443640 0.0049324722939855 -26000.9532968912 8.67298446076692e-05
2443650 0.00498828320831715 2443650 0.00498044450122084 -22253.6594266946 7.42302177151322e-05
2443660 0.00491139037783775 2443660 0.00490339661995691 -18548.0270157814 6.18695584923001e-05
2443670 0.00471161488311706 2443670 0.004703466076357 -14958.788513298 4.98971475569876e-05
2443680 0.00439524716755625 2443680 0.00438694331372476 -11630.7916483467 3.87961449261898e-05
2443690 0.00397195052109874 2443690 0.00396349162185379 -8609.50569510346 2.87182197729052e-05
2443700 0.00345299257876376 2443700 0.00344437863558858 -5983.13008056193 1.99575737177549e-05
2443710 0.00285350846990116 2443710 0.00284473948404432 -3906.15626687861 1.30295348086396e-05
2443720 0.00219026484566034 2443720 0.00218134081811046 -2228.540295357 7.4336102723338e-06
2443730 0.00148123573600266 2443730 0.00147215666746964 -1188.4442422623 3.96422328363677e-06
2443740 0.000747074544130557 2443740 0.000737840435004081 -773.895558994958 2.58143771914021e-06
2443750 8.12492484420627e-06 2443750 -1.26422480148261e-06 -957.541664399904 3.19401518900087e-06
2443760 -0.000714620651104506 2443760 -0.000724164841520654 -1793.66238910394 5.98301371912413e-06
2443770 -0.0013995058100091 2443770 -0.00140920504178274 -3244.26996333291 1.08217197489768e-05
2443780 -0.00202702980949728 2443780 -0.00203688408351781 -5258.77705415982 1.75413920991963e-05
2443790 -0.00257801239860721 2443790 -0.00258802171606142 -7835.59873868874 2.61367440360649e-05
2443800 -0.00303514753595453 2443800 -0.00304531189829754 -10861.3171147703 3.62294541604857e-05
2443810 -0.00338473434609196 2443810 -0.00339505375499133 -14267.081352 4.7589860822983e-05
2443820 -0.00361474107957266 2443820 -0.0036252155368825 -17982.2742731654 5.99824104753344e-05
2443830 -0.00371739088062704 2443830 -0.00372802038832204 -21843.1295711958 7.28608375171191e-05
2443840 -0.00368915142363973 2443840 -0.00369993598374937 -25771.0479699759 8.59629629841319e-05
2443850 -0.00352937849072423 2443850 -0.00354031810528795 -29639.8780681044 9.8867991095708e-05
2443860 -0.00324292745866125 2443860 -0.00325402212964322 -33285.6623452119 0.000111029018432518
2443870 -0.0028382948721453 2443870 -0.00284954460137795 -36639.7558845148 0.000122217070198993
2443880 -0.00231564179195154 2443880 -0.0023270465812648 -39561.6054479477 0.00013196331125831
2443890 -0.00171470489195282 2443890 -0.0017262647425605 -41946.1932487008 0.000139917439980097
2443900 -0.00104225884933998 2443900 -0.00105397376235084 -43759.7977985802 0.000145966973587375
2443910 -0.000319046895747316 2443910 -0.000330916871948493 -44897.6488134811 0.000149762436029932
2443920 0.000431756638867657 2443920 0.00041973159904835 -45351.6480981045 0.000151276814635892
2443930 0.0011876872388544 2443930 0.00117550713533746 -45134.7395892039 0.00015055328573077
2443940 0.00192549746942075 2443940 0.00191316230248715 -44211.4365605226 0.000147473478337212
2443950 0.00262265094387334 2443950 0.00261016071415347 -42666.4739677332 0.000142320037843424
2443960 0.0032593095601069 2443960 0.00324666426853874 -40547.8742963553 0.000135253150018722
2443970 0.00381646554218886 2443970 0.00380366519000511 -37895.1924362344 0.000126404755773524
2443980 0.00427844085825854 2443980 0.004265485446935 -34846.9198646094 0.00011623681295081
2443990 0.00463305884106277 2443990 0.00461994837226404 -31462.4372811848 0.00010494739424427
2444000 0.00487014578558087 2444000 0.00485688026112928 -27840.7779687115 9.2866839127459e-05
2444010 0.00498423085970425 2444010 0.00497081028150698 -24125.6532958346 8.04745171268939e-05
2444020 0.00497299408670287 2444020 0.00495941845670306 -20370.4026104261 6.79483491556887e-05
2444030 0.00483683359991217 2444030 0.00482310292004678 -16707.0512749935 5.57287244197235e-05
2444040 0.00458088162897529 2444040 0.00456699590110171 -13246.9105278225 4.41869372438397e-05
2444050 0.00421241262767624 2444050 0.00419837185353908 -10033.9891197614 3.34697850196131e-05
2444060 0.00374174385569329 2444060 0.00372754803687717 -7193.14338719525 2.39937436558035e-05
2444070 0.0031828613724253 2444070 0.00316851051029799 -4809.37017382812 1.60423321050596e-05
2444080 0.00255073564444386 2444080 0.00253622974014102 -2894.828052038 9.65610699932284e-06
2444090 0.0018632095832332 2444090 0.00184854863761381 -1560.81178170875 5.20630769740293e-06
2444100 0.00113996298236793 2444100 0.00112514699598585 -806.655787582191 2.69071407921206e-06
2444110 0.000400606101837606 2444110 0.000385635074942627 -665.137365568213 2.21865943528243e-06
2444120 -0.000333264707848427 2444120 -0.000348390775341366 -1179.54776943047 3.93454784453073e-06
2444130 -0.00104049620631168 2444130 -0.00105577731481563 -2292.27625258879 7.64621054138992e-06
2444140 -0.00170095936358685 2444140 -0.00171639551382695 -4017.68261855231 1.34015466745074e-05
2444150 -0.00229424190348034 2444150 -0.00230983309649825 -6320.40214873664 2.10825922403179e-05
2444160 -0.00280272575196883 2444160 -0.00281847198907938 -9098.46693111129 3.03492188956644e-05
2444170 -0.00321073770943227 2444170 -0.00322663899219328 -12329.1847137508 4.11257334357318e-05
2444180 -0.00350456253761938 2444180 -0.00352061886780135 -15897.3512229904 5.30278557674402e-05
2444190 -0.00367512971161555 2444190 -0.00369134109112961 -19679.3545535457 6.56432609573709e-05
2444200 -0.00371605515273906 2444200 -0.00373242158359534 -23607.3363127774 7.87455977721008e-05
2444210 -0.00362493021677589 2444210 -0.00364145170102185 -27512.8302685919 9.17729233488318e-05
2444220 -0.00340459239756608 2444220 -0.00342126893720519 -31284.5888673378 0.000104354155791797
2444230 -0.00306070309167787 2444230 -0.00307753468862583 -34825.8683172781 0.000116166592547429
2444240 -0.00259214436583384 2444240 -0.00260913102202367 -37969.0675804283 0.000126651176729831
2444250 -0.00203659382764349 2444250 -0.00205373554442401 -40652.31030169 0.000135601511034977
2444260 -0.0013990160383737 2444260 -0.00141631281701676 -42785.7723855708 0.00014271797453147
2444270 -0.000699841220695972 2444270 -0.00071729306215665 -44263.9623215483 0.000147648685416724
2444280 3.91044312847556e-05 2444280 2.14975263898074e-05 -45095.4662083008 0.000150422283833107
2444290 0.000795522417187738 2444290 0.000777760448587607 -45229.6981410694 0.000150870033365114
2444300 0.0015454618426372 2444300 0.00152754481043234 -44659.9132048036 0.000148969435397883
2444310 0.00226662089284437 2444310 0.00224854879748103 -43456.2382638001 0.000144954407971798
2444320 0.0029377509439305 2444320 0.00291952378618437 -41617.9537007723 0.000138822550701967
2444330 0.00353853296909177 2444330 0.00352015075005363 -39232.4670519472 0.000130865423745741
2444340 0.00405246129203842 2444340 0.00403392401305494 -36398.8891957776 0.000121413625408073
2444350 0.00446498198846116 2444350 0.0044462896511047 -33158.6972411704 0.000110605508432005
2444360 0.00476454002346192 2444360 0.00474569262948398 -29657.2766724903 9.89260265930048e-05
2444370 0.00494408336029659 2444370 0.00492508091155803 -25987.1844775865 8.66839167701361e-05
2444380 0.00499872815682461 2444380 0.00497957065526199 -22220.4224031462 7.41193509382621e-05
2444390 0.0049277594868603 2444390 0.0049084469344213 -18513.803856893 6.17554023220057e-05
2444400 0.00473434110190226 2444400 0.00471487350048548 -14931.0929008052 4.98047649377664e-05
2444410 0.00442366431537167 2444410 0.00440404166679521 -11565.0008185727 3.85766903401308e-05
2444420 0.0040052768497608 2444420 0.00398549915569476 -8543.10723214455 2.84967383407109e-05
2444430 0.0034911880952115 2444430 0.00347125535713973 -5895.42830206702 1.96650320738456e-05
2444440 0.00289520673718719 2444440 0.00287511895637946 -3732.1331097545 1.24490560391433e-05
2444450 0.00223471079490988 2444450 0.0022144679723665 -2092.63757303714 6.98028758627789e-06
2444460 0.00152781905509618 2444460 0.00150742119153652 -1008.67793789224 3.36458743699364e-06
2444470 0.0007941019894933 2444470 0.000773549085333298 -553.692931245184 1.84692081628413e-06
2444480 5.50119048103321e-05 2444480 3.43039601332953e-05 -728.401155231243 2.42968472285998e-06
2444490 -0.000668975691182395 2444490 -0.000689838676610632 -1509.96347724874 5.03669601070733e-06
2444500 -0.00135665724468964 2444500 -0.00137767527143201 -2935.97595676666 9.79336163542399e-06
2444510 -0.00198731851217037 2444510 -0.00200849158111098 -4934.11069020412 1.64584216798547e-05
2444520 -0.00254274896519367 2444520 -0.002564077077499 -7461.60087465335 2.48892214448349e-05
2444530 -0.00300529427313983 2444530 -0.00302677743025007 -10484.975773476 3.49741145705407e-05
2444540 -0.00336036333259096 2444540 -0.00338200153617256 -13870.8188312436 4.62680713310126e-05
2444550 -0.0035969613098625 2444550 -0.00361875456175237 -17557.4625184653 5.85653909894734e-05
2444560 -0.00370626353133366 2444560 -0.00372821183350556 -21437.8452748541 7.15089546210468e-05
2444570 -0.00368448393661205 2444570 -0.00370658729109842 -25349.8690664134 8.45580613852981e-05
2444580 -0.00353168299850336 2444580 -0.0035539414073357 -29221.420929343 9.74721683270063e-05
2444590 -0.00325132100410097 2444590 -0.00327373446925716 -32901.2774976809 0.000109746848593772
2444600 -0.00285235987277453 2444600 -0.00287492839609345 -36250.5209804708 0.000120918722313124
2444610 -0.00234665224791502 2444610 -0.00236937583105182 -39207.2140713995 0.000130781188869666
2444620 -0.00174953859546492 2444620 -0.00177241723983685 -41628.7852709083 0.000138858680930887
2444630 -0.00108036657972752 2444630 -0.00110340028645187 -43451.4048559014 0.000144938285458474
2444640 -0.000359372540852802 2444640 -0.000382561310733078 -44645.8581722124 0.00014892255285559
2444650 0.000390910886108003 2444650 0.000367567052617662 -45128.2879855775 0.000150531765497508
2444660 0.00114686766387316 2444660 0.00112336876668479 -44932.1147923984 0.000149877402160659
2444670 0.00188620305122665 2444670 0.00186254909059797 -44068.6550283579 0.000146997210411337
2444680 0.00258618006998424 2444680 0.0025623710465255 -42536.1739238783 0.000141885403681097
2444690 0.0032260852494817 2444690 0.00320212116412434 -40444.9212939582 0.000134909735767796
2444700 0.00378798533809017 2444700 0.00376386619204365 -37835.8306124861 0.000126206746043245
2444710 0.00425523942803083 2444710 0.00423096522276268 -34782.9994733927 0.0001160235974762
2444720 0.00461538983793429 2444720 0.00459096057510516 -31426.4988564707 0.000104827516563044
2444730 0.0048590776945069 2444730 0.00483449337592258 -27819.3787678756 9.2795459076811e-05
2444740 0.0049794643727931 2444740 0.00495472500036538 -24087.2185971831 8.03463127720949e-05
2444750 0.00497463137013456 2444750 0.00494973694580501 -20353.8713273074 6.78932067307292e-05
2444760 0.00484520852793783 2444760 0.00482015905363823 -16673.5439588595 5.56169560438358e-05
2444770 0.00459504294529661 2444770 0.0045698384228991 -13191.1986270943 4.40011023462583e-05
2444780 0.0042323243108668 2444780 0.00420696474211655 -9986.52388839682 3.33114580500782e-05
2444790 0.00377846376680528 2444790 0.00375294915311546 -6259.06146144993 2.08779817317817e-05
2444800 0.00322352724666842 2444800 0.00319785758960623 -4699.6923121422 1.56764861380942e-05
2444810 0.00259514009622653 2444810 0.00256931539693083 -2773.69896121615 9.25206384350119e-06
2444820 0.00191009085045211 2444820 0.00188411110980146 -1385.57040901725 4.62176539817172e-06
2444830 0.00118805980934497 2444830 0.00116192502791278 -617.24897151587 2.05892094695681e-06
2444840 0.000449477671007945 2444840 0.000423187849050847 -443.974673727075 1.48094010332667e-06
2444850 -0.000285294734641253 2444850 -0.000311739597182332 -906.804344700008 3.02477370761611e-06
2444860 -0.000994355057569416 2444860 -0.00102095496109315 -2012.97046862978 6.71454673029093e-06
2444870 -0.0016573125815355 2444870 -0.00168406752675672 -3694.11584544183 1.23222440954196e-05
2444880 -0.00225470360836404 2444880 -0.00228161359629936 -5961.91537608452 1.98868090807158e-05
2444890 -0.00276767012624519 2444890 -0.00279473515820364 -8739.72733599489 2.91525924110969e-05
2444900 -0.00318092245245891 2444900 -0.00320814252998657 -11927.5983745261 3.97861855968573e-05
2444910 -0.0034810417086236 2444910 -0.00350841683347462 -15488.000405142 5.1662408415698e-05
2444920 -0.00365764545851261 2444920 -0.00368517563260213 -19273.9322383326 6.42909176798989e-05
2444930 -0.00370521477573559 2444930 -0.0037329000010643 -23175.3380476545 7.73046066677718e-05
2444940 -0.00362086546881794 2444940 -0.00364870574743128 -27103.4567480331 9.04074002689992e-05
2444950 -0.00340650753277057 2444950 -0.00343450286668435 -30881.9724303981 0.0001030111719168
2444960 -0.00306880710531402 2444960 -0.00309695749644069 -34422.8524353459 0.000114822276267357
2444970 -0.0026171371883853 2444970 -0.00264544263849196 -37612.3613265951 0.000125461332741716
2444980 -0.00206582327288038 2444980 -0.00209428378351205 -40304.6705799315 0.000134441909742544
2444990 -0.00143216737426948 2444990 -0.00146078294670288 -42465.0864097313 0.000141648281257734
2445000 -0.000735288061160297 2445000 -0.000764058696375721 -43997.6071981392 0.00014676022035931
2445010 2.38253371214503e-06 2445010 -2.65431649177789e-05 -44839.6145375938 0.000149568854522664
2445020 0.000758301608102721 2445020 0.000729220845775351 -45020.2877094315 0.00015017151535357
2445030 0.00150959567233227 2445030 0.00148035984637917 -44494.0550574077 0.00014841619216921
2445040 0.00223277290954363 2445040 0.00220338202040074 -43300.5759122297 0.000144435174257218
2445050 0.00290694284675464 2445050 0.00287739689518185 -41514.3097428037 0.000138476831671341
2445060 0.00351225049227458 2445060 0.0034825494793396 -39147.9855443717 0.000130583623769387
2445070 0.00403087225270696 2445070 0.00400101617975387 -36322.8736797377 0.000121160064939785
2445080 0.00444908688101537 2445080 0.00441907574960101 -33125.0683037872 0.000110493334371298
2445090 0.00475502078656808 2445090 0.00472485459843339 -29615.33540436 9.87861255814515e-05
2445100 0.00494066908079297 2445100 0.00491034783780299 -25951.7530341062 8.65657301962752e-05
2445110 0.00500215524988027 2445110 0.00497167895396016 -22205.2977682774 7.406890058681e-05
2445120 0.00493776098678192 2445120 0.00490712963988348 -18469.4133654902 6.1607331581004e-05
2445130 0.00475039116273823 2445130 0.00471960476676823 -14891.4037085406 4.96723760426976e-05
2445140 0.00444603705700712 2445140 0.00441509561377942 -11516.9023065087 3.84162509735608e-05
2445150 0.00403289724866621 2445150 0.00400180075986755 -8456.04385780099 2.82063261838328e-05
2445160 0.00353504222933496 2445160 0.00350379069627887 -5809.6069668281 1.9378762913469e-05
2445170 0.00294339297172554 2445170 0.00291198639586632 -3604.66769984786 1.20238771978975e-05
2445180 0.002285678352895 2445180 0.002254116735257 -1933.34922463067 6.44895884815977e-06
2445190 0.00158104039213306 2445190 0.00154932373344383 -843.735664519351 2.81439923521809e-06
2445200 0.000848630758231042 2445200 0.000816759058921204 -335.114387899431 1.11782127587556e-06
2445210 0.000109243815252315 2445210 7.7217075430046e-05 -482.277506688609 1.60870460153006e-06
2445220 -0.000615463455321995 2445220 -0.000647645235884306 -1247.79078006207 4.16218202548002e-06
2445230 -0.00130524622249746 2445230 -0.00133758304434132 -2617.93318263713 8.73248513355573e-06
2445240 -0.00193924289102702 2445240 -0.00197173475501742 -4604.46912601121 1.53588557788575e-05
2445250 -0.0024983112381838 2445250 -0.0025309581454825 -7106.50204991975 2.37047392630529e-05
2445260 -0.00296591958756504 2445260 -0.00299872153959015 -10088.8168265092 3.36526705635443e-05
2445270 -0.00332656829487477 2445270 -0.00335952529328473 -13481.4216403544 4.4969182114496e-05
2445280 -0.00356889089820927 2445280 -0.00360200294483873 -17140.7577414877 5.71754134705005e-05
2445290 -0.00368489699791064 2445290 -0.00371816409471818 -21008.3751286983 7.00763964138762e-05
2445300 -0.00366944399221769 2445300 -0.0037028661412416 -24943.3611968021 8.32020970881198e-05
2445310 -0.00352290140154372 2445310 -0.00355647860481658 -28796.9054409227 9.60561370790813e-05
2445320 -0.00324894886236297 2445320 -0.00328268112186028 -32497.4284315233 0.000108399753110278
2445330 -0.00285521956129379 2445330 -0.00288910687887273 -35878.2703299376 0.000119677027798804
2445340 -0.00235444582844841 2445340 -0.00238848820576872 -38834.5198242481 0.0001295380146763
2445350 -0.00176149744246033 2445350 -0.0017956948809512 -41304.2940522699 0.000137776294733438
2445360 -0.00109489688712616 2445360 -0.00112924938792957 -43156.1499644439 0.000143953421151255
2445370 -0.00037600939408108 2445370 -0.000410516958007755 -44368.7596573712 0.000147998251701753
2445380 0.000373616438414675 2445380 0.000338953810888132 -44911.3652089751 0.000149808189000455
2445390 0.00113038305099779 2445390 0.00109556535976066 -44732.7704952721 0.00014921246115962
2445400 0.00187104919278221 2445400 0.00183607643808414 -43900.5064151365 0.000146436327011057
2445410 0.00257403130667774 2445410 0.00253890348910302 -42420.5258557239 0.000141499643248943
2445420 0.00321781682000766 2445420 0.00318253394047414 -40332.0624280705 0.000134533279112947
2445430 0.00378407606800097 2445430 0.00374863812771071 -37758.4725516721 0.000125948707327628
2445440 0.00425709497326509 2445440 0.00422150197366381 -34733.9420723499 0.000115859959600284
2445450 0.00462309030824158 2445450 0.0045873422509887 -31368.6292481414 0.000104634484327626
2445460 0.00487299960082745 2445460 0.0048370964877229 -27792.3394486633 9.2705265616333e-05
2445470 0.00500035521166 2445470 0.00496429704460401 -24056.597604138 8.02441721337033e-05
2445480 0.00500187019314925 2445480 0.004965656974093 -20309.0573161832 6.77437232800004e-05
2445490 0.00487902645271459 2445490 0.00484265818358628 -16646.8916258045 5.55280534302316e-05
2445500 0.00463532801514599 2445500 0.0045988046978195 -13132.288744741 4.38046001302039e-05
2445510 0.00427804135093711 2445510 0.00424136298717365 -9913.58089133413 3.30681464019156e-05
2445520 0.00382963373969601 2445520 0.00379280033090843 -7002.03366581866 2.3356270242858e-05
2445530 0.00327920342932974 2445530 0.00324221497709992 -4576.26519431524 1.52647775892856e-05
2445540 0.00265419730426992 2445540 0.00261705380975416 -2639.26145568431 8.80362859456696e-06
2445550 0.00197225903345601 2445550 0.00193496049753707 -1227.74189972636 4.09530615919085e-06
2445560 0.00125177916383483 2445560 0.00121432558711031 -407.21198849991 1.35831298497813e-06
2445570 0.00051380512871038 2445570 0.000476196511451515 -225.807973166969 7.53214322579687e-07
2445580 -0.00022098171492214 2445580 -0.000258745372764761 -645.702306213872 2.15383105539591e-06
2445590 -0.000931809966104878 2445590 -0.000969728664902738 -1710.85243956594 5.70678946021363e-06
2445600 -0.00159711762477462 2445600 -0.00163519136523352 -3385.73550268782 1.12935979953432e-05
2445610 -0.00219776705949263 2445610 -0.00223599584261512 -5602.70456477918 1.86886107881312e-05
2445620 -0.00271542357487776 2445620 -0.00275380740195066 -8361.22730892623 2.78900522204806e-05
2445630 -0.00313347294544964 2445630 -0.00317201181801737 -11544.2359200445 3.85074260942364e-05
2445640 -0.00343933589672411 2445640 -0.00347802981652614 -15063.5118828013 5.02464671169323e-05
2445650 -0.00362232200194962 2445650 -0.00366117097089119 -18857.607526843 6.29022079229324e-05
2445660 -0.00367588064202871 2445660 -0.00371488466211661 -22756.2750545195 7.59067629864107e-05
2445670 -0.00359815540204828 2445670 -0.0036373144753181 -26668.860856767 8.8957744416529e-05
2445680 -0.00339002433653642 2445680 -0.00342933846501013 -30481.215927097 0.000101674392112616
2445690 -0.00305777038250141 2445690 -0.00309723956810355 -34022.7579313743 0.000113487704655246
2445700 -0.00261159329820392 2445700 -0.0026512175427009 -37228.7157471501 0.000124181628835873
2445710 -0.00206445173944608 2445710 -0.00210423104440337 -39969.851262963 0.00013332507271735
2445720 -0.0014340583662584 2445720 -0.00147399273296683 -42135.1456438403 0.0001405477173273
2445730 -0.000739846388692705 2445730 -0.000779935818141807 -43710.3476429244 0.000145802025623087
2445740 -3.04264202944835e-06 2445740 -4.32871348796099e-05 -44599.3717533856 0.000148767490853241
2445750 0.000752747879432389 2445750 0.000712348322886774 -44789.2643436094 0.000149400904353669
2445760 0.00150497864171423 2445760 0.00146442402152836 -44317.9447069884 0.000147828751272283
2445770 0.00223078795601527 2445770 0.00219007827259881 -43153.9389405643 0.000143946045969456
2445780 0.0029079694420438 2445780 0.00286710469615073 -41380.7320818665 0.000138031264555249
2445790 0.00351752788979558 2445790 0.00347650808247441 -39065.2723563257 0.000130307722272072
2445800 0.00404148130447359 2445800 0.00400030643705165 -36244.1671001673 0.000120897528049779
2445810 0.00446503973236136 2445810 0.0044237098063953 -33061.6173067126 0.000110281684627012
2445820 0.00477740547635685 2445820 0.00473592049357072 -29584.4685351814 9.868316478856e-05
2445830 0.00496967033767381 2445830 0.0049280302999298 -25901.842017903 8.63992449666728e-05
2445840 0.00503753389847788 2445840 0.00499573880770486 -22169.6701400199 7.39500596109721e-05
2445850 0.00498016219856602 2445850 0.00493821205670579 -18438.6291227039 6.15046464000901e-05
2445860 0.00479910746944391 2445860 0.0047570022784142 -14828.3639482896 4.9462098036801e-05
2445870 0.00450071361955562 2445870 0.00445845338117579 -11462.8412180198 3.82359225928885e-05
2445880 0.00409352902563792 2445880 0.00405111374159479 -8376.6663070605 2.79415511749148e-05
2445890 0.00358871217808533 2445890 0.00354614184989272 -5696.0981977876 1.90001384150484e-05
2445900 0.00300128681612013 2445900 0.0029585614450589 -3488.47103521446 1.16362868448627e-05
2445910 0.00234707025139534 2445910 0.00230418983850109 -1769.6427910831 5.90289296431568e-06
2445920 0.0016443553045485 2445920 0.00160131985057321 -653.004627226285 2.17818897640942e-06
2445930 0.000913467086904859 2445930 0.000870276592285365 -130.636235802157 4.35755577954389e-07
2445940 0.00017427104583957 2445940 0.000130925510704684 -218.106118960353 7.27523702281907e-07
2445950 -0.000551622515563876 2445950 -0.00059512309142041 -968.15949389861 3.22943245589791e-06
2445960 -0.00124300944057073 2445960 -0.00128666505768394 -2311.71477530651 7.71105047381315e-06
2445970 -0.00188021612637895 2445970 -0.00192402678558892 -4246.55657461986 1.41649880152084e-05
2445980 -0.00244331570167427 2445980 -0.00248728140413004 -6746.40129698062 2.25035724447098e-05
2445990 -0.00291535384033434 2445990 -0.00295947458744784 -9694.8822212417 3.23386461618114e-05
2446000 -0.00328181931207919 2446000 -0.00332609510548734 -13060.2264754661 4.35642262737179e-05
2446010 -0.00353000206538674 2446010 -0.00357443290692354 -16730.3838666476 5.58065535679608e-05
2446020 -0.0036521505145747 2446020 -0.00369673640619434 -20567.9738865745 6.86073759953443e-05
2446030 -0.00364350851162212 2446030 -0.00368824945535252 -24509.1591751512 8.17537550432679e-05
2446040 -0.00350302159553951 2446040 -0.00354791759342496 -28383.4859499795 9.46771180947437e-05
2446050 -0.00323517620913245 2446050 -0.00328022726314767 -32070.1727592638 0.000106974581592922
2446060 -0.00284722385950302 2446060 -0.0028924299715103 -35488.7115161787 0.000118377599466424
2446070 -0.00235090347648948 2446070 -0.00239626464816907 -38468.9723335958 0.000128318679496586
2446080 -0.0017621762056249 2446080 -0.0018076924384096 -40948.210665348 0.000136588528405701
2446090 -0.00109855649520748 2446090 -0.0011442277902585 -42856.5846267 0.000142954178742882
2446100 -0.000381197745617817 2446100 -0.000427024103768401 -44087.8961178287 0.000147061391777337
2446110 0.000367373938896825 2446110 0.000321392517162717 -44661.2132504519 0.000148973771883387
2446120 0.00112482187980098 2446120 0.00107868539434572 -44539.436915275 0.000148567569752789
2446130 0.00186727137928628 2446130 0.00182097983034242 -43714.9570390847 0.000145817400913684
2446140 0.00257265654273417 2446140 0.0025262099308764 -42277.407724919 0.00014102225255086
2446150 0.00322052899414747 2446150 0.00317392732026754 -40228.4859077006 0.000134187785029938
2446160 0.00379131515883385 2446160 0.00374455842412699 -37652.4841368735 0.00012559516803079
2446170 0.00426951569196447 2446170 0.00422260389786625 -34669.6710983678 0.000115645574707446
2446180 0.00464184190230212 2446180 0.00459477505045414 -31315.4614216299 0.000104457135548186
2446190 0.00489782227419559 2446190 0.00485060036640181 -27731.9112814064 9.25036989469774e-05
2446200 0.00503181469765936 2446200 0.00498443773581123 -24025.5244570155 8.01405232716546e-05
2446210 0.00504027070634366 2446210 0.00499273869238764 -20258.5835520589 6.75753609253871e-05
2446220 0.0049235997242924 2446220 0.00487591266016862 -16589.1848336969 5.53355642912701e-05
2446230 0.00468640034869995 2446230 0.00463855823627721 -13082.9305925131 4.36399590563186e-05
2446240 0.00433498921451962 2446240 0.00428699205556882 -9821.78366734234 3.27619438222904e-05
2446250 0.00389148253866355 2446250 0.00384333033461263 -6936.26190015326 2.31368792478204e-05
2446260 0.00334589892852053 2446260 0.00329759168095222 -4462.22560639143 1.48843824696598e-05
2446270 0.00272435502733492 2446270 0.002675892737427 -2474.21743532823 8.25310100138754e-06
2446280 0.00204498016702053 2446280 0.00199636283566968 -1075.80688088895 3.58850548831668e-06
2446290 0.00132655195046652 2446290 0.00127777957827827 -197.178524098182 6.57716759833171e-07
2446300 0.000588864560416548 2446300 0.000539937147689516 28.4334797366266 -9.48438794168283e-08
2446310 -0.000146276789723547 2446310 -0.000195359243028839 -383.803947706339 1.28023216550144e-06
2446320 -0.000858388036834378 2446320 -0.000907625531075016 -1395.7454632716 4.65570572583118e-06
2446330 -0.0015266253004856 2446330 -0.00157601783634186 -3044.86846572634 1.01565879476739e-05
2446340 -0.00213051241447383 2446340 -0.00218005999294347 -5251.08286674189 1.75157270525528e-05
2446350 -0.00265255972980792 2446350 -0.00270226235215988 -7957.61067397207 2.65437320440265e-05
2446360 -0.00307604542129026 2446360 -0.00312590308905277 -11138.5161560167 3.71540906343171e-05
2446370 -0.0033873068201066 2446370 -0.00343731953501972 -14645.4933803293 4.88521074814008e-05
2446380 -0.00357672884967491 2446380 -0.00362689661362777 -18406.6929583893 6.13981188225532e-05
2446390 -0.00363682915415111 2446390 -0.00368715196914887 -22326.4558824744 7.44730405541905e-05
2446400 -0.00356528064208881 2446400 -0.00361575851017272 -26229.1380537986 8.74909870274276e-05
2446410 -0.00336385412993802 2446410 -0.00341448705312186 -30041.1988748712 0.000100206653213641
2446420 -0.00303740448642276 2446420 -0.00308819246664503 -33620.9820816426 0.000112147524677364
2446430 -0.00259642394906726 2446430 -0.0026473669881038 -36823.7956601991 0.00012283096081156
2446440 -0.00205423757381771 2446440 -0.00210533567323773 -39598.8358910596 0.000132087498649014
2446450 -0.00142717106402001 2446450 -0.0014784242251396 -41807.8766737087 0.000139456065548216
2446460 -0.00073561399981113 2446460 -0.000787022223630212 -43389.244997571 0.000144730942489457
2446470 -4.83396028358933e-07 2446470 -5.20466832225581e-05 -44334.4337131163 0.000147883752676381
2446480 0.000755444045329091 2446480 0.000703725694437316 -44559.1192385911 0.000148633222916472
2446490 0.00150833746082281 2446490 0.0014564640462805 -44103.2408987397 0.000147112576456943
2446500 0.00223622439109475 2446500 0.00218419591328964 -42998.1750743639 0.000143426473638519
2446510 0.0029168840319589 2446510 0.00286470049162326 -41239.5228850879 0.000137560241375678
2446520 0.00353018204606931 2446520 0.00347784344424759 -38946.3332259926 0.00012991098403814
2446530 0.00405928961734214 2446530 0.00400679595533973 -36168.6447995768 0.000120645612771142
2446540 0.00448859129679893 2446540 0.00443594257616334 -32977.6200304643 0.000110001499872503
2446550 0.00480672619670389 2446550 0.00475392241915878 -29524.7499681973 9.84839650909342e-05
2446560 0.00500577483450188 2446560 0.00495281600189371 -25858.4386667734 8.62544669711918e-05
2446570 0.00508009777350437 2446570 0.00502698388776703 -22101.1577861188 7.37215269975833e-05
2446580 0.0050290816565998 2446580 0.00497581271967671 -18389.6760341146 6.13413564730658e-05
2446590 0.00485471943365739 2446590 0.00480129544746105 -14764.9720390113 4.9250645388188e-05
2446600 0.00456195618668161 2446600 0.00450837715304785 -11369.1461294445 3.79233894184372e-05
2446610 0.00416023856968342 2446610 0.00410650449030159 -8290.79746204212 2.76551235389721e-05
2446620 0.00366042923161028 2446620 0.00360654010800133 -5568.7365145423 1.85753055687021e-05
2446630 0.00307657154370208 2446630 0.00302252737716918 -3335.1038757477 1.11247090670563e-05
2446640 0.00242568336103439 2446640 0.00237148415261687 -1608.31090191884 5.36474770795881e-06
2446650 0.00172510987617534 2446650 0.00167075562664358 -434.555810896345 1.44952215874738e-06
2446660 0.000994966510150937 2446660 0.000940457219963422 103.087849802715 -3.43864053453657e-07
2446670 0.000256142261510487 2446670 0.000201477930801816 41.7540954335078 -1.39276670640953e-07
2446680 -0.000471021333111077 2446680 -0.000525840704521704 -651.724703940165 2.17391961188085e-06
2446690 -0.00116466839713155 2446690 -0.00121964280976381 -1989.78402700926 6.63720508609078e-06
2446700 -0.00180465778671824 2446700 -0.00185978724140412 -3886.30047311166 1.29633030098164e-05
2446710 -0.00237219178815798 2446710 -0.0024274762860209 -6347.47675414184 2.11729034028663e-05
2446720 -0.00284902349158957 2446720 -0.00290446303403589 -9298.04313915104 3.1014933468243e-05
2446730 -0.00322086715292993 2446730 -0.00327646174158751 -12623.2691484154 4.21066935193393e-05
2446740 -0.00347557059920413 2446740 -0.00353132023588926 -16285.143080152 5.43213901670336e-05
2446750 -0.00360390628065967 2446750 -0.0036598109673317 -20130.7508156813 6.71489568149219e-05
2446760 -0.0036019122714183 2446760 -0.00365797201009802 -24043.5835237585 8.02007618342371e-05
2446770 -0.00346828404124516 2446770 -0.00352449883397358 -27942.80649476 9.32071696572168e-05
2446780 -0.0032063762162616 2446780 -0.00326274606502773 -31642.0738841342 0.000105546597453543
2446790 -0.0028244966666368 2446790 -0.00288102157330082 -35055.983778514 0.000116934175103611
2446800 -0.00233339220689617 2446800 -0.00239007217315163 -38086.1426267517 0.000127041697048802
2446810 -0.00174864442482967 2446810 -0.00180547945212854 -40579.4962023144 0.000135358629343219
2446820 -0.00108871360468703 2446820 -0.00114570369419502 -42511.1567755905 0.000141801955456766
2446830 -0.000373384220946663 2446830 -0.000430529373522754 -43800.4674249952 0.000146102632858747
2446840 0.000374308917761035 2446840 0.000317008701615043 -44384.6293817694 0.000148051187404352
2446850 0.00113153736226454 2446850 0.0010740820824008 -44307.3177138022 0.000147793303438615
2446860 0.00187565898809205 2446860 0.00181804864471378 -43529.7676243648 0.000145199675518071
2446870 0.00258340902757923 2446870 0.00252564362125038 -42096.785363101 0.000140419761203936
2446880 0.0032345104604077 2446880 0.00317658999200663 -40098.7815811848 0.000133755137966762
2446890 0.00381003511323468 2446890 0.00375195958393321 -37544.7815837328 0.000125235910983901
2446900 0.00429304282708272 2446900 0.00423481223831535 -34561.9234029469 0.000115286167082118
2446910 0.00467104734326666 2446910 0.00461266169666149 -31248.9282746547 0.000104235204858472
2446920 0.00493340965256667 2446920 0.00487486894991674 -27658.0380845721 9.22572844863634e-05
2446930 0.00507332323285063 2446930 0.00501462747605455 -23951.6301483295 7.98940383894831e-05
2446940 0.0050883758712946 2446940 0.00502952506228835 -20204.2558865713 6.73941433395608e-05
2446950 0.0049780586342944 2446950 0.00491905277502186 -16503.0679793294 5.50483093851861e-05
2446960 0.0047464827246914 2446960 0.00468732181703272 -12999.3204216441 4.33610655463657e-05
2446970 0.00440097147949331 2446970 0.00434165552521508 -9730.47470799032 3.24573699181929e-05
2446980 0.00395070817223688 2446980 0.0038912371729633 -6802.99578598595 2.26923513398924e-05
2446990 0.00340920090261033 2446990 0.00334957485975616 -4327.97039304175 1.44365552819936e-05
2447000 0.00279144809293454 2447000 0.00273166700768197 -2306.14475286072 7.69247087883951e-06
2447010 0.00211423797908929 2447010 0.00205430185236023 -825.657618873897 2.75409736583132e-06
2447020 0.00139737870612071 2447020 0.00133728753852992 19.5212862053093 -6.51160017017816e-08
2447030 0.000660379994167584 2447030 0.000600133786027335 297.925960135563 -9.93774033286599e-07
2447040 -7.58062059693046e-05 2447040 -0.000136207454671613 -82.5838133376356 2.75469949739815e-07
2447050 -0.000789364018434721 2447050 -0.000849920308049946 -1081.27135642392 3.60673301669223e-06
2447060 -0.0014603547276146 2447060 -0.00152106605880276 -2672.57533736892 8.9147517425836e-06
2447070 -0.002068340616662 2447070 -0.00212920699039999 -4867.6405307706 1.62367010939635e-05
2447080 -0.00259468969365718 2447080 -0.00265571111121079 -7553.46626558848 2.51956514049079e-05
2447090 -0.00302384466214278 2447090 -0.00308502112501903 -10689.2406817278 3.5655468963558e-05
2447100 -0.00334131486730364 2447100 -0.00340264637723422 -14206.6258355354 4.73882029264905e-05
2447110 -0.00353693848992955 2447110 -0.00359842504880372 -17946.4716274996 5.98629857042621e-05
2447120 -0.00360421212656222 2447120 -0.00366585373637007 -21850.0031948157 7.28837654575543e-05
2447130 -0.00353938541027833 2447130 -0.00360118207306811 -25779.7566344932 8.59920119621327e-05
2447140 -0.00334445213803639 2447140 -0.00340640385582541 -29577.8415293878 9.86610594766457e-05
2447150 -0.00302469877704082 2447150 -0.00308680555176445 -33177.9211637339 0.000110669632535365
2447160 -0.00258911269972053 2447160 -0.00265137453317479 -36415.5910102012 0.000121469336664237
2447170 -0.00204033413343812 2447170 -0.00210275102737807 -39189.5921828892 0.0001307224085767
2447180 -0.00141756071896206 2447180 -0.001480132674535 -41449.5377815071 0.0001382607756647
2447190 -0.000728583998990804 2447190 -0.000791311017223244 -43062.7274534433 0.000143641797197724
2447200 4.45132026564484e-06 2447200 -5.84307613094241e-05 -44021.2428974939 0.000146839060566006
2447210 0.000759670771326758 2447210 0.000696633626065091 -44309.491311916 0.000147800553781496
2447220 0.0015134060590321 2447220 0.00145021385010685 -43872.6620498954 0.000146343448206077
2447230 0.00224256498999181 2447230 0.00217921771778403 -42792.9193322859 0.000142741814179614
2447240 0.002926146367671 2447240 0.00286264403288739 -41088.7453203533 0.000137057301556109
2447250 0.0035432766755452 2447250 0.00347961927921608 -38796.9417172472 0.00012941266760369
2447260 0.00407652931975689 2447260 0.00401271686318282 -36051.2568745053 0.000120254048801005
2447270 0.00451138405647802 2447270 0.00444741654118466 -32889.2767568987 0.000109706818431365
2447280 0.00483513331839071 2447280 0.00477101074610078 -29422.2719641434 9.81421352639344e-05
2447290 0.00504000860287941 2447290 0.00497573097543609 -25786.489437291 8.60144701748666e-05
2447300 0.00512091603961909 2447300 0.0050564833589445 -22026.419232951 7.34722260189447e-05
2447310 0.00507577876600159 2447310 0.00501119103405009 -18293.0423910192 6.10190213358175e-05
2447320 0.0049074282996588 2447320 0.00484268551834084 -14687.3962396279 4.89918803748823e-05
2447330 0.00462056935082516 2447330 0.00455567152197823 -11259.9225081216 3.75590586342289e-05
2447340 0.00422356928859945 2447340 0.00415851641393131 -8161.04658248529 2.72223211915668e-05
2447350 0.00372848288185331 2447350 0.00366327496288481 -5437.81738799383 1.81386063687894e-05
2447360 0.00314838962884851 2447360 0.00308302666689771 -3153.12243120933 1.05176843081534e-05
2447370 0.00249996699315509 2447370 0.00243444898928144 -1413.53911837624 4.71505897048363e-06
2447380 0.00180162731446644 2447380 0.0017359542694439 -216.084321844592 7.20779713025976e-07
2447390 0.00107213805976462 2447390 0.00100630997407619 377.854369478262 -1.26038650871685e-06
2447400 0.000332897797927707 2447400 0.000266914671724571 322.386491849742 -1.07536558457966e-06
2447410 -0.000395230039027316 2447410 -0.000461368205917459 -329.058898903681 1.09762233879707e-06
2447420 -0.00109162963524092 2447420 -0.00115792284331002 -1621.15753518943 5.40759946399128e-06
2447430 -0.00173496691816399 2447430 -0.00180141516823479 -3515.94124601045 1.17279176049534e-05
2447440 -0.00230665156627567 2447440 -0.00237325485945915 -5928.31997038007 1.97747468696496e-05
2447450 -0.00278910684030446 2447450 -0.00285586517798416 -8857.504679859 2.95454553425056e-05
2447460 -0.00316658103836398 2447460 -0.00323349442216764 -12182.4558652019 4.06362986796749e-05
2447470 -0.00342774375855693 2447470 -0.00349481219028798 -15804.1336309623 5.27169153500262e-05
2447480 -0.00356320568116529 2447480 -0.00363042916277275 -19660.3507494988 6.55798710903488e-05
2447490 -0.00356779419934232 2447490 -0.0036351727328554 -23574.4420364242 7.86358742768112e-05
2447500 -0.00344129945318425 2447500 -0.00350883304063543 -27456.0849336628 9.15836412858084e-05
2447510 -0.0031861208232875 2447510 -0.00325380946667205 -31194.2448872733 0.000104052800712129
2447520 -0.00281006350008669 2447520 -0.00287790720127885 -34612.182577135 0.000115453813641753
2447530 -0.00232482757371731 2447530 -0.00239282633440992 -37654.623963267 0.000125602305723338
2447540 -0.00174457660443379 2447540 -0.00181273042610009 -40200.9954266632 0.0001340960866556
2447550 -0.00108815914017214 2447550 -0.00115646802399309 -42139.6617552853 0.000140562781453579
2447560 -0.000375827083741122 2447560 -0.000444291030583691 -43468.7987096455 0.000144996305109335
2447570 0.000370760053425013 2447570 0.00030214104302969 -44101.8687030938 0.000147107999304952
2447580 0.00112765307333712 2447580 0.00105887899922925 -44033.2800331807 0.000146879212128748
2447590 0.00187239818163771 2447590 0.00180346904400565 -43311.3855988658 0.000144471231490639
2447600 0.00258256142642029 2447600 0.00251347722580024 -41908.1415103495 0.000139790513043359
2447610 0.00323643874781609 2447610 0.00316719948508076 -39919.2982173201 0.000133156445908056
2447620 0.00381589488998828 2447620 0.0037465005662916 -37419.0815219578 0.000124816620710178
2447630 0.00430396560124461 2447630 0.00423441621800352 -34439.6493360955 0.000114878304697363
2447640 0.00468695458468046 2447640 0.00461725014352428 -31136.2336611782 0.000103859296090691
2447650 0.00495534688236806 2447650 0.00488548738507363 -27579.7060886728 9.19959970729911e-05
2447660 0.00510146191145114 2447660 0.00503144735991441 -23852.2512587854 7.95625460957572e-05
2447670 0.00512231952922732 2447670 0.00505214992539041 -20115.0469366164 6.70965743128082e-05
2447680 0.00501843947570973 2447680 0.00494811482150672 -16417.9264814255 5.47643079180649e-05
2447690 0.00479252972198868 2447690 0.00472205001931168 -12877.4087378097 4.29544119412428e-05
2447700 0.00445216802575607 2447700 0.00438153327637968 -9617.19583057758 3.20795122557005e-05
2447710 0.00400704564679435 2447710 0.0039362558523429 -6663.57356026121 2.22272888541486e-05
2447720 0.00346924505550907 2447720 0.00339830021741955 -4147.14756809971 1.3833395262064e-05
2447730 0.00285472416458305 2447730 0.00278362428404502 -2127.23739153114 7.09570015777761e-06
2447740 0.00218002101231697 2447740 0.00210876609026357 -614.854876650017 2.05093510607934e-06
2447750 0.00146399492886278 2447750 0.00139258496593474 281.136656012748 -9.37770942899263e-07
2447760 0.000727454816945431 2447760 0.000655889813460818 570.593066524065 -1.90329359961439e-06
2447770 -9.58398788442214e-06 2447770 -8.13040319178748e-05 248.913784448959 -8.3028701292065e-07
2447780 -0.000725454018184537 2447780 -0.000797329103095055 -733.035745316494 2.44514405134399e-06
2447790 -0.00139905647275837 2447790 -0.00147108659920132 -2299.57993210662 7.67057299388973e-06
2447800 -0.00201121594626969 2447800 -0.00208340111519776 -4443.22633810712 1.4821007732313e-05
2447810 -0.00254259066920892 2447810 -0.00261493088187469 -7130.6360390159 2.37852415854167e-05
2447820 -0.00297701876030404 2447820 -0.00304951401821069 -10234.3059775247 3.41379701337408e-05
2447830 -0.00330110173906708 2447830 -0.00337375204392553 -13723.3097155769 4.57760338840041e-05
2447840 -0.00350333407032375 2447840 -0.00357613942402333 -17480.1529768906 5.83075141166178e-05
2447850 -0.00357736644487872 2447850 -0.00365032684940718 -21355.7870074044 7.12352377036929e-05
2447860 -0.00351994843516515 2447860 -0.00359306389256065 -25290.8255591295 8.43611134444533e-05
2447870 -0.00333155516538745 2447870 -0.0034048256776808 -29114.4969866265 9.71155084449338e-05
2447880 -0.00301830633082468 2447880 -0.00309173189995179 -32701.9087026241 0.000109081825876434
2447890 -0.00258891345232167 2447890 -0.00266249408008338 -35978.7764639136 0.000120012280175219
2447900 -0.00204487794893222 2447900 -0.00211861363710607 -38778.6493201762 0.00012935165073491
2447910 -0.00142658118533766 2447910 -0.00150047193507509 -41046.4199863732 0.000136916119438779
2447920 -0.000740866548161358 2447920 -0.00081491236050771 -42720.3215638808 0.0001424996540903
2447930 -9.55430504611684e-06 2447930 -8.37551807083818e-05 -43697.7853939373 0.000145760122470917
2447940 0.000744396320948094 2447940 0.000670040381618904 -44012.4382991159 0.000146809691587091
2447950 0.0014986040774891 2447950 0.001424093074489 -43636.7689020391 0.000145556593361795
2447960 0.00222936088396872 2447960 0.00215469481766132 -42564.8968417209 0.000141981213022113
2447970 0.00291508205955318 2447970 0.00284026093063676 -40898.5790979957 0.00013642297531713
2447980 0.00353607447343374 2447980 0.00346109828291194 -38647.7732492562 0.000128915095153115
2447990 0.00407359529648798 2447990 0.00399846404565504 -35898.9414859672 0.000119745979353381
2448000 0.00451325135781246 2448000 0.0044379650481858 -32776.4085626028 0.000109330330660296
2448010 0.00484298355941349 2448010 0.00476754219269749 -29318.5514097147 9.77961607350197e-05
2448020 0.00505350412137835 2448020 0.00497790769942142 -25672.3489608691 8.56337385274353e-05
2448030 0.00514050231686441 2448030 0.00506475084158178 -21942.2303948579 7.31914022829017e-05
2448040 0.00510175624665 2448040 0.00502584971999137 -18186.3780443556 6.06632273729701e-05
2448050 0.00493892527256245 2448050 0.00486286369645177 -14568.677385343 4.85958769027572e-05
2448060 0.00465785423085439 2448060 0.004581637607125 -11151.2939846625 3.71967128828254e-05
2448070 0.00426598800776255 2448070 0.00418961633813234 -8007.84843658907 2.67113071823477e-05
2448080 0.00377495170377732 2448080 0.00369842498978396 -5274.92841341236 1.75952672345492e-05
2448090 0.0031988762502184 2448090 0.00312219449318043 -2974.64127083215 9.92233524044206e-06
2448100 0.00255305569187635 2448100 0.00247621889287518 -1182.59101540508 3.9446990204306e-06
2448110 0.0018563324618048 2448110 0.0017793406216297 19.6394138028965 -6.55100329538527e-08
2448120 0.00112801423707975 2448120 0.00105086735622059 653.492655552134 -2.17981686367885e-06
2448130 0.000388163376736302 2448130 0.000310861455371906 644.907704793688 -2.15118055035823e-06
2448140 -0.000341244298579991 2448140 -0.000418701260611549 -3.30098842787295 1.10109121820301e-08
2448150 -0.00103978891985425 2448150 -0.00111740092303151 -1242.18449288403 4.14348146438037e-06
2448160 -0.00168692594665563 2448160 -0.00176469299177567 -3107.94323564983 1.03669827332675e-05
2448170 -0.00226266185522091 2448170 -0.00234058394339083 -5514.62255317973 1.83948008231072e-05
2448180 -0.00275027143468297 2448180 -0.00282834856726917 -8393.68032018082 2.79983038138365e-05
2448190 -0.00313394444645639 2448190 -0.00321217662507044 -11715.3805048763 3.90783029801112e-05
2448200 -0.00340113349027829 2448200 -0.0034795207167263 -15328.007863691 5.11287307424224e-05
2448210 -0.00354360229988624 2448210 -0.00362214457610201 -19154.0830151466 6.38911437029765e-05
2448220 -0.00355527755092424 2448220 -0.00363397487893575 -23092.2268765669 7.7027377641925e-05
2448230 -0.00343534006603863 2448230 -0.00351419244788657 -26965.4990021964 8.99472227623432e-05
2448240 -0.00318718188241325 2448240 -0.0032661893200857 -30704.8726576788 0.000102420430662331
2448250 -0.0028171796280124 2448250 -0.00289634212339858 -34166.7814187689 0.000113968115297847
2448260 -0.00232568656783737 2448260 -0.00240500412282102 -37207.0976609567 0.000124109518662263
2448270 -0.00175047869633432 2448270 -0.00182995131221345 -39786.9456996756 0.000132714965430103
2448280 -0.00109738722674513 2448280 -0.00117701490472735 -41773.8378020244 0.000139342524093866
2448290 -0.000387658433116983 2448290 -0.000467441174080461 -43109.5464838619 0.000143797968672921
2448300 0.000357269481685511 2448300 0.000277331677195007 -43797.956624143 0.000146094257728602
2448310 0.00111438375841175 2448310 0.00103429089020527 -43764.5345418755 0.00014598277366229
2448320 0.00185985109982695 2448320 0.00177960316808508 -43056.434092366 0.000143620804804789
2448330 0.00257206039869348 2448330 0.00249165740393189 -41712.9093897115 0.000139139288786616
2448340 0.00322940319536799 2448340 0.0031488451384374 -39735.9225939846 0.000132544770669263
2448350 0.00381252040493774 2448350 0.00373180728698903 -37253.6571495414 0.00012426482439909
2448360 0.00430558611956012 2448360 0.00422471794198955 -34319.9658960357 0.000114479083713426
2448370 0.00469412307086901 2448370 0.00461309983529733 -31005.406221863 0.000103422902726469
2448380 0.00496800727934565 2448380 0.00488682898755057 -27467.8401196651 9.16228523656359e-05
2448390 0.00512060496970728 2448390 0.00503927162356937 -23758.2157225156 7.92488773100342e-05
2448400 0.00514755246345883 2448400 0.00506606406492632 -19994.7219575182 6.66952133849819e-05
2448410 0.00504957041909046 2448410 0.00496792697010041 -16313.8178261702 5.44170388241394e-05
2448420 0.00482991985333238 2448420 0.00474812135577128 -12757.8283066161 4.25555345578976e-05
2448430 0.00449468524306256 2448430 0.00441273169872257 -9496.76544595746 3.16777997328987e-05
2448440 0.0040544522776877 2448440 0.00397234368819684 -6521.23575082651 2.17525010279829e-05
2448450 0.00352111374955043 2448450 0.00343885011635232 -3960.64204560837 1.32112798034711e-05
2448460 0.00290955825718669 2448460 0.00282713958149409 -1913.79375232355 6.38372881389682e-06
2448470 0.00223755453094598 2448470 0.00215498081369616 -394.852913523478 1.31708754835813e-06
2448480 0.00152305506379888 2448480 0.00144032630565074 559.743786391477 -1.86710429650461e-06
2448490 0.00078659626960339 2448490 0.000703712470897421 866.848082372672 -2.89149396270894e-06
2448500 4.93038914403435e-05 2448500 -3.37349478105334e-05 569.083915585693 -1.89825961394163e-06
2448510 -0.000668456914239246 2448510 -0.000751650794337871 -356.506172139863 1.1891765874239e-06
2448520 -0.00134497957162695 2448520 -0.00142832849321273 -1917.63400146645 6.3965385062037e-06
2448530 -0.00196049385958618 2448530 -0.00204399782360506 -4023.46652305759 1.34208397032376e-05
2448540 -0.00249684563300366 2448540 -0.00258050464068307 -6672.86905128934 2.22582952746908e-05
2448550 -0.00293660567071903 2448550 -0.00302041972355665 -9782.84521983193 3.2632059142168e-05
2448560 -0.00326649722769839 2448560 -0.00335046632739775 -13232.174429197 4.41377829097922e-05
2448570 -0.00347560965947387 2448570 -0.00355973380790767 -16980.721853609 5.66415912091056e-05
2448580 -0.00355610718233737 2448580 -0.00364038638149981 -20871.0970219925 6.96184859393378e-05
2448590 -0.00350551598342577 2448590 -0.00358995023534941 -24780.029106418 8.26572798786618e-05
2448600 -0.00332407460429039 2448600 -0.00340866391100409 -28628.5098194246 9.54944297478777e-05
2448610 -0.00301671226186624 2448610 -0.00310145662532242 -32233.8479101421 0.000107520543129014
2448620 -0.00259327470520198 2448620 -0.00267817412720042 -35509.1822283222 0.000118445882412166
2448630 -0.00206586332821998 2448630 -0.0021509178103728 -38359.9533324581 0.000127955031251847
2448640 -0.00145124573941671 2448640 -0.00153645528307607 -40643.1445439683 0.000135570937358165
2448650 -0.00076890652168153 2448650 -0.000854271127897473 -42341.2771044838 0.000141235297868914
2448660 -3.93166960049364e-05 2448660 -0.000124836365510086 -43378.8561228985 0.000144696288933654
2448670 0.000714120615361183 2448670 0.000628445882197067 -43702.6879167974 0.000145776475526938
2448680 0.00146843225595973 2448680 0.00138260245912309 -43369.0968558417 0.000144663735522799
2448690 0.00220115925153107 2448690 0.00211517439135658 -42346.0296612734 0.000141251150691968
2448700 0.00288952530158447 2448700 0.00280338537875996 -40682.5655041714 0.000135702431527385
2448710 0.00351394828317832 2448710 0.00342765329869523 -38479.2443876863 0.000128352943380872
2448720 0.00405640685221901 2448720 0.00396995680734822 -35752.2571046063 0.000119256692923897
2448730 0.00450102137268675 2448730 0.00441441626894536 -32628.964931184 0.000108838511645226
2448740 0.00483649603479711 2448740 0.00474973587387734 -29211.1329201695 9.74378512222929e-05
2448750 0.00505347895303171 2448750 0.00496656373677081 -25555.1024612505 8.52426463018308e-05
2448760 0.00514643624286407 2448760 0.00505936597318508 -21823.5072552033 7.27953845163221e-05
2448770 0.0051142509997777 2448770 0.00502702567862097 -18088.9161213804 6.03381293914351e-05
2448780 0.00495772749826743 2448780 0.00487034712756086 -14436.1823699463 4.81539211034665e-05
2448790 0.00468218702293699 2448790 0.00459465160452595 -11017.596808366 3.67507471064066e-05
2448800 0.00429608484905841 2448800 0.0042083943846572 -7868.7801790094 2.62474254072442e-05
2448810 0.00382124598479085 2448810 0.00373340047577533 -5086.91241472761 1.69681133697086e-05
2448820 0.00324898620161803 2448820 0.00316098564949875 -2786.061676159 9.29330142174223e-06
2448830 0.00260669644807824 2448830 0.00251854085394101 -960.763793046233 3.20476305326611e-06
2448840 0.00191180741397349 2448840 0.00182349677863388 286.873449576527 -9.56906826443671e-07
2448850 0.00118465773118206 2448850 0.00109619205514028 926.03509976425 -3.08892060174593e-06
2448860 0.000445136171725847 2448860 0.000356515455173721 971.327879669968 -3.24000105322853e-06
2448870 -0.000285708348161132 2448870 -0.000374484105358141 355.290620662304 -1.18512194413611e-06
2448880 -0.000986111825937417 2448880 -0.0010750426242513 -872.858915761705 2.91154394471693e-06
2448890 -0.00163634657721526 2448890 -0.0017254324174239 -2680.6899658041 8.9418192295021e-06
2448900 -0.00221650300189606 2448900 -0.00230574388508604 -5075.75068201066 1.69308818369629e-05
2448910 -0.00270866820023267 2448910 -0.0027980641277683 -7938.55887300625 2.64801820765159e-05
2448920 -0.00309818102709753 2448920 -0.00318773200057045 -11217.6943806692 3.74182007629731e-05
2448930 -0.00337169457899584 2448930 -0.00346140060020466 -14841.6424175342 4.9506390242593e-05
2448940 -0.00352034109833919 2448940 -0.00361020216921998 -18649.5477855531 6.22081953294273e-05
2448950 -0.00353907377757763 2448950 -0.00362908990014474 -22575.2688454254 7.53029912627934e-05
2448960 -0.00342568554276798 2448960 -0.00351585671906997 -26479.2376881291 8.83252296097758e-05
2448970 -0.00318370214417054 2448970 -0.0032740283762013 -30205.4071930937 0.000100754393204561
2448980 -0.00281999390352044 2448980 -0.00291047519316735 -33689.4597790107 0.000112375941689002
2448990 -0.00234502078697443 2448990 -0.00243565713596266 -36770.0891753733 0.000122651815261388
2449000 -0.00177425889861665 2449000 -0.00186505030843142 -39348.6096058547 0.000131252833604822
2449010 -0.00112488083778339 2449010 -0.00121582730964367 -41384.9044281026 0.000138045182004221
2449020 -0.000417109230741456 2449020 -0.000508210765552649 -42756.8985652554 0.000142621661833986
2449030 0.000326357521187688 2449030 0.000235100922872124 -43458.580162582 0.00014496221970528
2449040 0.00108337768101331 2449040 0.000991966018983227 -43485.8562049575 0.000145053202789236
2449050 0.00183034126789811 2449050 0.00173877454230943 -42797.9622594233 0.000142758635573892
2449060 0.00254443719733556 2449060 0.00245271540869792 -41479.3210298345 0.000138360121887504
2449070 0.0032052468356005 2449070 0.0031133699847401 -39555.4603452234 0.000131942813402008
2449080 0.00379276070666455 2449080 0.00370072879471786 -37072.7782616544 0.000123661477373305
2449090 0.00429047760771341 2449090 0.00419829063607275 -34168.8399842318 0.000113974981933107
2449100 0.00468500274903923 2449100 0.0045926607193046 -30884.0314428272 0.000103018040042979
2449110 0.00496491807188709 2449110 0.00487242098583555 -27330.1070518721 9.11634243042636e-05
2449120 0.00512369125560982 2449120 0.0050310391151197 -23647.1529193768 7.88784116756425e-05
2449130 0.0051575380172868 2449130 0.00506473082429511 -19881.3972806729 6.63172029520265e-05
2449140 0.00506569590825768 2449140 0.00497273366471324 -16177.539036261 5.39624617116319e-05
2449150 0.00485223150796498 2449150 0.00475911421575359 -12637.4922620359 4.21541367195966e-05
2449160 0.0045230779989953 2449160 0.00442980565991072 -9310.57806958475 3.10567454955279e-05
2449170 0.00409925011774992 2449170 0.0040058227332601 -6346.36188553593 2.11691846014883e-05
2449180 0.00357065425788663 2449180 0.00347707182961602 -3784.60689776327 1.26240897553309e-05
2449190 0.0029628930756063 2449190 0.00286915560478237 -1684.24582243484 5.61803933851746e-06
2449200 0.0022933381209878 2449200 0.00219944560856869 -149.095986787795 4.97330679305463e-07
2449210 0.00158099705030616 2449210 0.00148694949695527 826.257300129103 -2.75609768718432e-06
2449220 0.000845122508949566 2449220 0.00075091991503178 1191.65951357829 -3.97494827431011e-06
2449230 0.000107325012319771 2449230 1.29673778649095e-05 902.801461330413 -3.01142152592249e-06
2449240 -0.000611465250445633 2449240 -0.000705977925732282 15.3133582839805 -5.10798650044109e-08
2449250 -0.00129078643338139 2449250 -0.0013854541501118 -1500.77908198169 5.00606016573535e-06
2449260 -0.0019096885779862 2449260 -0.00200451133709719 -3603.78228355883 1.20209237670643e-05
2449270 -0.00245012829971261 2449270 -0.00254510610242074 -6207.20333580712 2.07050016441945e-05
2449280 -0.00289540166584265 2449280 -0.0029905345136235 -9297.9651845849 3.10146734397998e-05
2449290 -0.00323078261180695 2449290 -0.00332607050636442 -12749.6184755286 4.25281495091134e-05
2449300 -0.00344608443395434 2449300 -0.00354152737715029 -16459.6002143207 5.49033165281321e-05
2449310 -0.00353337227256007 2449310 -0.00362897026637938 -20361.5763015566 6.79189077583686e-05
2449320 -0.00348895967745593 2449320 -0.00358471272394064 -24276.7083121349 8.09783824252674e-05
2449330 -0.0033141453861195 2449330 -0.0034100534872915 -28109.4674849737 9.37630908812714e-05
2449340 -0.00301295245446817 2449340 -0.003109015612287 -31753.4305680139 0.000105918043368569
2449350 -0.00259466694131377 2449350 -0.00269088515759497 -35036.8772547693 0.000116870442600558
2449360 -0.0020723909907618 2449360 -0.00216876426711777 -37902.468755095 0.000126429026960695
2449370 -0.00146152069905843 2449370 -0.00155804903686283 -40239.2530079079 0.000134223700210323
2449380 -0.000781822843181806 2449380 -0.000878506243501835 -41945.2497189943 0.000139914292703769
2449390 -5.43321291595828e-05 2449390 -0.000151170592736271 -43023.8901792058 0.000143512249995315
2449400 0.000698870426257333 2449400 0.000601876899025318 -43399.1261799379 0.000144763902566014
2449410 0.00145379163002258 2449410 0.00135664303910859 -43072.1830066043 0.000143673337528072
2449420 0.00218806843224124 2449420 0.00209076477796537 -42102.5315848907 0.000140438928536657
2449430 0.00287972294724285 2449430 0.00278226423026597 -40471.7573247639 0.00013499925113114
2449440 0.00350778513728387 2449440 0.00341017135859199 -38274.7347321827 0.000127670772598898
2449450 0.00405496402557082 2449450 0.00395719518641805 -35596.6012509694 0.00011873748088409
2449460 0.00450538631388723 2449460 0.0044074624157738 -32477.7516863137 0.000108334118553155
2449470 0.00484651280105033 2449470 0.0047484338456709 -29067.1438997908 9.69575555492819e-05
2449480 0.00507007973958038 2449480 0.00497184572875773 -25441.4605531874 8.48635776994344e-05
2449490 0.00516977220827945 2449490 0.00507138314393428 -21687.2020824107 7.23407193999881e-05
2449500 0.00514383552563041 2449500 0.00504529140971061 -17960.3176255285 5.99091709823085e-05
2449510 0.00499409335544232 2449510 0.00489539418986754 -14311.2484534363 4.77371864152643e-05
2449520 0.00472455704967917 2449520 0.00462570283630683 -10853.3868030618 3.62030014879888e-05
2449530 0.00434387137774111 2449530 0.0042448621182946 -7709.80903962042 2.57171547645152e-05
2449540 0.0038744066868605 2449540 0.00377524238271636 -4895.59669841798 1.63299528316285e-05
2449550 0.00330607594199633 2449550 0.0032067565946875 -2560.44397273229 8.54072177070009e-06
2449560 0.00266718111976608 2449560 0.00256770673038667 -733.762081539999 2.44756684819603e-06
2449570 0.00197500452677565 2449570 0.0018753750961518 562.116702405533 -1.8750194923367e-06
2449580 0.00124887599128262 2449580 0.00114909151994077 1233.55987254262 -4.11471282757425e-06
2449590 0.000509942186156926 2449590 0.000410002674295614 1290.44817229336 -4.30447176991144e-06
2449600 -0.000221539510503254 2449600 -0.00032163406299957 733.737714613888 -2.44748556887942e-06
2449610 -0.000924046968276329 2449610 -0.0010242965618569 -477.752939698992 1.59361227058952e-06
2449620 -0.00157671978770571 2449620 -0.00167712442314323 -2264.19225875479 7.55253242146203e-06
2449630 -0.00216078568714489 2449630 -0.00226134536550312 -4606.65392230887 1.53661434748598e-05
2449640 -0.00265769401574919 2449640 -0.00275840873837954 -7470.05944103957 2.49174361852678e-05
2449650 -0.00305216220898891 2449650 -0.00315303197747972 -10722.8302309079 3.57675116393619e-05
2449660 -0.0033318917833681 2449660 -0.00343291659949842 -14318.9144305653 4.77627573625128e-05
2449670 -0.00348671044690956 2449670 -0.00358789031261616 -18143.2219119886 6.05192740105176e-05
2449680 -0.00351164818840245 2449680 -0.00361298310569916 -22046.0870442633 7.35378307757939e-05
2449690 -0.00340504933738254 2449690 -0.00350653930830885 -25957.3298706468 8.65843325206228e-05
2449700 -0.00316894225727358 2449700 -0.00327058728383756 -29711.0377999812 9.91053544114884e-05
2449710 -0.0028109246621869 2449710 -0.00291272474627878 -33184.8418941681 0.000110692717607219
2449720 -0.00234128586121393 2449720 -0.00244324100456442 -36305.5910722301 0.000121102416366425
2449730 -0.00177436425614748 2449730 -0.00187647446026497 -38914.4359316879 0.000129804586116999
2449740 -0.00112845518951539 2449740 -0.00123072045562461 -40958.6726924218 0.000136623425971649
2449750 -0.000422941347435721 2449750 -0.000525361676460842 -42389.3474138475 0.000141395643161402
2449760 0.000319848865713479 2449760 0.000217273473194476 -43113.9478921308 0.000143812650190589
2449770 0.00107665668961036 2449770 0.000973926233380134 -43166.7402040609 0.000143988746388213
2449780 0.00182507596768236 2449780 0.00172219044787097 -42536.369337906 0.00014188605551213
2449790 0.00254179119701135 2449790 0.00243875061411037 -41226.0958593353 0.000137515453638715
2449800 0.00320569197669692 2449800 0.00310249633152526 -39338.540849823 0.000131219247849867
2449810 0.00379789560612909 2449810 0.00369454489979843 -36894.8644307258 0.000123068020712935
2449820 0.00430072904197928 2449820 0.00419722327587531 -33984.4715542149 0.00011335999504769
2449830 0.00470080070025809 2449830 0.00459713987597416 -30736.1468338805 0.000102524750085209
2449840 0.00498732916311361 2449840 0.00488351328241022 -27192.5200266398 9.07044833884374e-05
2449850 0.00515236571722095 2449850 0.00504839478198187 -23494.5731343516 7.83694602962681e-05
2449860 0.00519282338259535 2449860 0.00508869739475219 -19754.7259261349 6.58946727943865e-05
2449870 0.00510784820467202 2449870 0.00500356716616964 -16031.0368478637 5.34737830124588e-05
2449880 0.00490033594369972 2449880 0.00479589985643809 -12475.7098864715 4.16144888023551e-05
2449890 0.00457732087020343 2449890 0.00447272973597345 -9157.87901193795 3.05473962655123e-05
2449900 0.00414743649524806 2449900 0.00404269031570674 -6148.46602554561 2.0509075066677e-05
2449910 0.00362321295537577 2449910 0.00351831173198588 -3575.5606360416 1.19267864838735e-05
2449920 0.00301972828983068 2449920 0.00291467202382117 -1460.95615471756 4.87322517872535e-06
2449930 0.00235309316495529 2449930 0.00224788185730531 129.570756137248 -4.32201520350617e-07
2449940 0.00164261801048638 2449940 0.00153725166187568 1112.27868682808 -3.71016233779997e-06
2449950 0.000908134915274314 2449950 0.000802613526075152 1514.38262067674 -5.05143668649843e-06
2449960 0.000169974914121168 2449960 6.42984843905514e-05 1274.54944961592 -4.25143933946437e-06
2449970 -0.000549916150787808 2449970 -0.000655747621333144 393.795593578095 -1.31356070864896e-06
2449980 -0.00123116803120076 2449980 -0.00133715454315993 -1072.72862713909 3.57823753904807e-06
2449990 -0.00185366181802963 2449990 -0.00195980337231368 -3146.06653115042 1.04941483589638e-05
2450000 -0.00239799368457017 2450000 -0.00250429028239102 -5742.21436680715 1.91539653969786e-05
