2400000.5 33738.25
2400000.5 33748.25
2400000.5 33758.25
2400000.5 33768.25
2400000.5 33778.25
2400000.5 33788.25
2400000.5 33798.25
2400000.5 33808.25
2400000.5 33818.25
2400000.5 33828.25
2400000.5 33838.25
2400000.5 33848.25
2400000.5 33858.25
2400000.5 33868.25
2400000.5 33878.25
2400000.5 33888.25
2400000.5 33898.25
2400000.5 33908.25
2400000.5 33918.25
2400000.5 33928.25
2400000.5 33938.25
2400000.5 33948.25
2400000.5 33958.25
2400000.5 33968.25
2400000.5 33978.25
2400000.5 33988.25
2400000.5 33998.25
2400000.5 34008.25
2400000.5 34018.25
2400000.5 34028.25
2400000.5 34038.25
2400000.5 34048.25
2400000.5 34058.25
2400000.5 34068.25
2400000.5 34078.25
2400000.5 34088.25
2400000.5 34098.25
2400000.5 34108.25
2400000.5 34118.25
2400000.5 34128.25
2400000.5 34138.25
2400000.5 34148.25
2400000.5 34158.25
2400000.5 34168.25
2400000.5 34178.25
2400000.5 34188.25
2400000.5 34198.25
2400000.5 34208.25
2400000.5 34218.25
2400000.5 34228.25
2400000.5 34238.25
2400000.5 34248.25
2400000.5 34258.25
2400000.5 34268.25
2400000.5 34278.25
2400000.5 34288.25
2400000.5 34298.25
2400000.5 34308.25
2400000.5 34318.25
2400000.5 34328.25
2400000.5 34338.25
2400000.5 34348.25
2400000.5 34358.25
2400000.5 34368.25
2400000.5 34378.25
2400000.5 34388.25
2400000.5 34398.25
2400000.5 34408.25
2400000.5 34418.25
2400000.5 34428.25
2400000.5 34438.25
2400000.5 34448.25
2400000.5 34458.25
2400000.5 34468.25
2400000.5 34478.25
2400000.5 34488.25
2400000.5 34498.25
2400000.5 34508.25
2400000.5 34518.25
2400000.5 34528.25
2400000.5 34538.25
2400000.5 34548.25
2400000.5 34558.25
2400000.5 34568.25
2400000.5 34578.25
2400000.5 34588.25
2400000.5 34598.25
2400000.5 34608.25
2400000.5 34618.25
2400000.5 34628.25
2400000.5 34638.25
2400000.5 34648.25
2400000.5 34658.25
2400000.5 34668.25
2400000.5 34678.25
2400000.5 34688.25
2400000.5 34698.25
2400000.5 34708.25
2400000.5 34718.25
2400000.5 34728.25
2400000.5 34738.25
2400000.5 34748.25
2400000.5 34758.25
2400000.5 34768.25
2400000.5 34778.25
2400000.5 34788.25
2400000.5 34798.25
2400000.5 34808.25
2400000.5 34818.25
2400000.5 34828.25
2400000.5 34838.25
2400000.5 34848.25
2400000.5 34858.25
2400000.5 34868.25
2400000.5 34878.25
2400000.5 34888.25
2400000.5 34898.25
2400000.5 34908.25
2400000.5 34918.25
2400000.5 34928.25
2400000.5 34938.25
2400000.5 34948.25
2400000.5 34958.25
2400000.5 34968.25
2400000.5 34978.25
2400000.5 34988.25
2400000.5 34998.25
2400000.5 35008.25
2400000.5 35018.25
2400000.5 35028.25
2400000.5 35038.25
2400000.5 35048.25
2400000.5 35058.25
2400000.5 35068.25
2400000.5 35078.25
2400000.5 35088.25
2400000.5 35098.25
2400000.5 35108.25
2400000.5 35118.25
2400000.5 35128.25
2400000.5 35138.25
2400000.5 35148.25
2400000.5 35158.25
2400000.5 35168.25
2400000.5 35178.25
2400000.5 35188.25
2400000.5 35198.25
2400000.5 35208.25
2400000.5 35218.25
2400000.5 35228.25
2400000.5 35238.25
2400000.5 35248.25
2400000.5 35258.25
2400000.5 35268.25
2400000.5 35278.25
2400000.5 35288.25
2400000.5 35298.25
2400000.5 35308.25
2400000.5 35318.25
2400000.5 35328.25
2400000.5 35338.25
2400000.5 35348.25
2400000.5 35358.25
2400000.5 35368.25
2400000.5 35378.25
2400000.5 35388.25
2400000.5 35398.25
2400000.5 35408.25
2400000.5 35418.25
2400000.5 35428.25
2400000.5 35438.25
2400000.5 35448.25
2400000.5 35458.25
2400000.5 35468.25
2400000.5 35478.25
2400000.5 35488.25
2400000.5 35498.25
2400000.5 35508.25
2400000.5 35518.25
2400000.5 35528.25
2400000.5 35538.25
2400000.5 35548.25
2400000.5 35558.25
2400000.5 35568.25
2400000.5 35578.25
2400000.5 35588.25
2400000.5 35598.25
2400000.5 35608.25
2400000.5 35618.25
2400000.5 35628.25
2400000.5 35638.25
2400000.5 35648.25
2400000.5 35658.25
2400000.5 35668.25
2400000.5 35678.25
2400000.5 35688.25
2400000.5 35698.25
2400000.5 35708.25
2400000.5 35718.25
2400000.5 35728.25
2400000.5 35738.25
2400000.5 35748.25
2400000.5 35758.25
2400000.5 35768.25
2400000.5 35778.25
2400000.5 35788.25
2400000.5 35798.25
2400000.5 35808.25
2400000.5 35818.25
2400000.5 35828.25
2400000.5 35838.25
2400000.5 35848.25
2400000.5 35858.25
2400000.5 35868.25
2400000.5 35878.25
2400000.5 35888.25
2400000.5 35898.25
2400000.5 35908.25
2400000.5 35918.25
2400000.5 35928.25
2400000.5 35938.25
2400000.5 35948.25
2400000.5 35958.25
2400000.5 35968.25
2400000.5 35978.25
2400000.5 35988.25
2400000.5 35998.25
2400000.5 36008.25
2400000.5 36018.25
2400000.5 36028.25
2400000.5 36038.25
2400000.5 36048.25
2400000.5 36058.25
2400000.5 36068.25
2400000.5 36078.25
2400000.5 36088.25
2400000.5 36098.25
2400000.5 36108.25
2400000.5 36118.25
2400000.5 36128.25
2400000.5 36138.25
2400000.5 36148.25
2400000.5 36158.25
2400000.5 36168.25
2400000.5 36178.25
2400000.5 36188.25
2400000.5 36198.25
2400000.5 36208.25
2400000.5 36218.25
2400000.5 36228.25
2400000.5 36238.25
2400000.5 36248.25
2400000.5 36258.25
2400000.5 36268.25
2400000.5 36278.25
2400000.5 36288.25
2400000.5 36298.25
2400000.5 36308.25
2400000.5 36318.25
2400000.5 36328.25
2400000.5 36338.25
2400000.5 36348.25
2400000.5 36358.25
2400000.5 36368.25
2400000.5 36378.25
2400000.5 36388.25
2400000.5 36398.25
2400000.5 36408.25
2400000.5 36418.25
2400000.5 36428.25
2400000.5 36438.25
2400000.5 36448.25
2400000.5 36458.25
2400000.5 36468.25
2400000.5 36478.25
2400000.5 36488.25
2400000.5 36498.25
2400000.5 36508.25
2400000.5 36518.25
2400000.5 36528.25
2400000.5 36538.25
2400000.5 36548.25
2400000.5 36558.25
2400000.5 36568.25
2400000.5 36578.25
2400000.5 36588.25
2400000.5 36598.25
2400000.5 36608.25
2400000.5 36618.25
2400000.5 36628.25
2400000.5 36638.25
2400000.5 36648.25
2400000.5 36658.25
2400000.5 36668.25
2400000.5 36678.25
2400000.5 36688.25
2400000.5 36698.25
2400000.5 36708.25
2400000.5 36718.25
2400000.5 36728.25
2400000.5 36738.25
2400000.5 36748.25
2400000.5 36758.25
2400000.5 36768.25
2400000.5 36778.25
2400000.5 36788.25
2400000.5 36798.25
2400000.5 36808.25
2400000.5 36818.25
2400000.5 36828.25
2400000.5 36838.25
2400000.5 36848.25
2400000.5 36858.25
2400000.5 36868.25
2400000.5 36878.25
2400000.5 36888.25
2400000.5 36898.25
2400000.5 36908.25
2400000.5 36918.25
2400000.5 36928.25
2400000.5 36938.25
2400000.5 36948.25
2400000.5 36958.25
2400000.5 36968.25
2400000.5 36978.25
2400000.5 36988.25
2400000.5 36998.25
2400000.5 37008.25
2400000.5 37018.25
2400000.5 37028.25
2400000.5 37038.25
2400000.5 37048.25
2400000.5 37058.25
2400000.5 37068.25
2400000.5 37078.25
2400000.5 37088.25
2400000.5 37098.25
2400000.5 37108.25
2400000.5 37118.25
2400000.5 37128.25
2400000.5 37138.25
2400000.5 37148.25
2400000.5 37158.25
2400000.5 37168.25
2400000.5 37178.25
2400000.5 37188.25
2400000.5 37198.25
2400000.5 37208.25
2400000.5 37218.25
2400000.5 37228.25
2400000.5 37238.25
2400000.5 37248.25
2400000.5 37258.25
2400000.5 37268.25
2400000.5 37278.25
2400000.5 37288.25
2400000.5 37298.25
2400000.5 37308.25
2400000.5 37318.25
2400000.5 37328.25
2400000.5 37338.25
2400000.5 37348.25
2400000.5 37358.25
2400000.5 37368.25
2400000.5 37378.25
2400000.5 37388.25
2400000.5 37398.25
2400000.5 37408.25
2400000.5 37418.25
2400000.5 37428.25
2400000.5 37438.25
2400000.5 37448.25
2400000.5 37458.25
2400000.5 37468.25
2400000.5 37478.25
2400000.5 37488.25
2400000.5 37498.25
2400000.5 37508.25
2400000.5 37518.25
2400000.5 37528.25
2400000.5 37538.25
2400000.5 37548.25
2400000.5 37558.25
2400000.5 37568.25
2400000.5 37578.25
2400000.5 37588.25
2400000.5 37598.25
2400000.5 37608.25
2400000.5 37618.25
2400000.5 37628.25
2400000.5 37638.25
2400000.5 37648.25
2400000.5 37658.25
2400000.5 37668.25
2400000.5 37678.25
2400000.5 37688.25
2400000.5 37698.25
2400000.5 37708.25
2400000.5 37718.25
2400000.5 37728.25
2400000.5 37738.25
2400000.5 37748.25
2400000.5 37758.25
2400000.5 37768.25
2400000.5 37778.25
2400000.5 37788.25
2400000.5 37798.25
2400000.5 37808.25
2400000.5 37818.25
2400000.5 37828.25
2400000.5 37838.25
2400000.5 37848.25
2400000.5 37858.25
2400000.5 37868.25
2400000.5 37878.25
2400000.5 37888.25
2400000.5 37898.25
2400000.5 37908.25
2400000.5 37918.25
2400000.5 37928.25
2400000.5 37938.25
2400000.5 37948.25
2400000.5 37958.25
2400000.5 37968.25
2400000.5 37978.25
2400000.5 37988.25
2400000.5 37998.25
2400000.5 38008.25
2400000.5 38018.25
2400000.5 38028.25
2400000.5 38038.25
2400000.5 38048.25
2400000.5 38058.25
2400000.5 38068.25
2400000.5 38078.25
2400000.5 38088.25
2400000.5 38098.25
2400000.5 38108.25
2400000.5 38118.25
2400000.5 38128.25
2400000.5 38138.25
2400000.5 38148.25
2400000.5 38158.25
2400000.5 38168.25
2400000.5 38178.25
2400000.5 38188.25
2400000.5 38198.25
2400000.5 38208.25
2400000.5 38218.25
2400000.5 38228.25
2400000.5 38238.25
2400000.5 38248.25
2400000.5 38258.25
2400000.5 38268.25
2400000.5 38278.25
2400000.5 38288.25
2400000.5 38298.25
2400000.5 38308.25
2400000.5 38318.25
2400000.5 38328.25
2400000.5 38338.25
2400000.5 38348.25
2400000.5 38358.25
2400000.5 38368.25
2400000.5 38378.25
2400000.5 38388.25
2400000.5 38398.25
2400000.5 38408.25
2400000.5 38418.25
2400000.5 38428.25
2400000.5 38438.25
2400000.5 38448.25
2400000.5 38458.25
2400000.5 38468.25
2400000.5 38478.25
2400000.5 38488.25
2400000.5 38498.25
2400000.5 38508.25
2400000.5 38518.25
2400000.5 38528.25
2400000.5 38538.25
2400000.5 38548.25
2400000.5 38558.25
2400000.5 38568.25
2400000.5 38578.25
2400000.5 38588.25
2400000.5 38598.25
2400000.5 38608.25
2400000.5 38618.25
2400000.5 38628.25
2400000.5 38638.25
2400000.5 38648.25
2400000.5 38658.25
2400000.5 38668.25
2400000.5 38678.25
2400000.5 38688.25
2400000.5 38698.25
2400000.5 38708.25
2400000.5 38718.25
2400000.5 38728.25
2400000.5 38738.25
2400000.5 38748.25
2400000.5 38758.25
2400000.5 38768.25
2400000.5 38778.25
2400000.5 38788.25
2400000.5 38798.25
2400000.5 38808.25
2400000.5 38818.25
2400000.5 38828.25
2400000.5 38838.25
2400000.5 38848.25
2400000.5 38858.25
2400000.5 38868.25
2400000.5 38878.25
2400000.5 38888.25
2400000.5 38898.25
2400000.5 38908.25
2400000.5 38918.25
2400000.5 38928.25
2400000.5 38938.25
2400000.5 38948.25
2400000.5 38958.25
2400000.5 38968.25
2400000.5 38978.25
2400000.5 38988.25
2400000.5 38998.25
2400000.5 39008.25
2400000.5 39018.25
2400000.5 39028.25
2400000.5 39038.25
2400000.5 39048.25
2400000.5 39058.25
2400000.5 39068.25
2400000.5 39078.25
2400000.5 39088.25
2400000.5 39098.25
2400000.5 39108.25
2400000.5 39118.25
2400000.5 39128.25
2400000.5 39138.25
2400000.5 39148.25
2400000.5 39158.25
2400000.5 39168.25
2400000.5 39178.25
2400000.5 39188.25
2400000.5 39198.25
2400000.5 39208.25
2400000.5 39218.25
2400000.5 39228.25
2400000.5 39238.25
2400000.5 39248.25
2400000.5 39258.25
2400000.5 39268.25
2400000.5 39278.25
2400000.5 39288.25
2400000.5 39298.25
2400000.5 39308.25
2400000.5 39318.25
2400000.5 39328.25
2400000.5 39338.25
2400000.5 39348.25
2400000.5 39358.25
2400000.5 39368.25
2400000.5 39378.25
2400000.5 39388.25
2400000.5 39398.25
2400000.5 39408.25
2400000.5 39418.25
2400000.5 39428.25
2400000.5 39438.25
2400000.5 39448.25
2400000.5 39458.25
2400000.5 39468.25
2400000.5 39478.25
2400000.5 39488.25
2400000.5 39498.25
2400000.5 39508.25
2400000.5 39518.25
2400000.5 39528.25
2400000.5 39538.25
2400000.5 39548.25
2400000.5 39558.25
2400000.5 39568.25
2400000.5 39578.25
2400000.5 39588.25
2400000.5 39598.25
2400000.5 39608.25
2400000.5 39618.25
2400000.5 39628.25
2400000.5 39638.25
2400000.5 39648.25
2400000.5 39658.25
2400000.5 39668.25
2400000.5 39678.25
2400000.5 39688.25
2400000.5 39698.25
2400000.5 39708.25
2400000.5 39718.25
2400000.5 39728.25
2400000.5 39738.25
2400000.5 39748.25
2400000.5 39758.25
2400000.5 39768.25
2400000.5 39778.25
2400000.5 39788.25
2400000.5 39798.25
2400000.5 39808.25
2400000.5 39818.25
2400000.5 39828.25
2400000.5 39838.25
2400000.5 39848.25
2400000.5 39858.25
2400000.5 39868.25
2400000.5 39878.25
2400000.5 39888.25
2400000.5 39898.25
2400000.5 39908.25
2400000.5 39918.25
2400000.5 39928.25
2400000.5 39938.25
2400000.5 39948.25
2400000.5 39958.25
2400000.5 39968.25
2400000.5 39978.25
2400000.5 39988.25
2400000.5 39998.25
2400000.5 40008.25
2400000.5 40018.25
2400000.5 40028.25
2400000.5 40038.25
2400000.5 40048.25
2400000.5 40058.25
2400000.5 40068.25
2400000.5 40078.25
2400000.5 40088.25
2400000.5 40098.25
2400000.5 40108.25
2400000.5 40118.25
2400000.5 40128.25
2400000.5 40138.25
2400000.5 40148.25
2400000.5 40158.25
2400000.5 40168.25
2400000.5 40178.25
2400000.5 40188.25
2400000.5 40198.25
2400000.5 40208.25
2400000.5 40218.25
2400000.5 40228.25
2400000.5 40238.25
2400000.5 40248.25
2400000.5 40258.25
2400000.5 40268.25
2400000.5 40278.25
2400000.5 40288.25
2400000.5 40298.25
2400000.5 40308.25
2400000.5 40318.25
2400000.5 40328.25
2400000.5 40338.25
2400000.5 40348.25
2400000.5 40358.25
2400000.5 40368.25
2400000.5 40378.25
2400000.5 40388.25
2400000.5 40398.25
2400000.5 40408.25
2400000.5 40418.25
2400000.5 40428.25
2400000.5 40438.25
2400000.5 40448.25
2400000.5 40458.25
2400000.5 40468.25
2400000.5 40478.25
2400000.5 40488.25
2400000.5 40498.25
2400000.5 40508.25
2400000.5 40518.25
2400000.5 40528.25
2400000.5 40538.25
2400000.5 40548.25
2400000.5 40558.25
2400000.5 40568.25
2400000.5 40578.25
2400000.5 40588.25
2400000.5 40598.25
2400000.5 40608.25
2400000.5 40618.25
2400000.5 40628.25
2400000.5 40638.25
2400000.5 40648.25
2400000.5 40658.25
2400000.5 40668.25
2400000.5 40678.25
2400000.5 40688.25
2400000.5 40698.25
2400000.5 40708.25
2400000.5 40718.25
2400000.5 40728.25
2400000.5 40738.25
2400000.5 40748.25
2400000.5 40758.25
2400000.5 40768.25
2400000.5 40778.25
2400000.5 40788.25
2400000.5 40798.25
2400000.5 40808.25
2400000.5 40818.25
2400000.5 40828.25
2400000.5 40838.25
2400000.5 40848.25
2400000.5 40858.25
2400000.5 40868.25
2400000.5 40878.25
2400000.5 40888.25
2400000.5 40898.25
2400000.5 40908.25
2400000.5 40918.25
2400000.5 40928.25
2400000.5 40938.25
2400000.5 40948.25
2400000.5 40958.25
2400000.5 40968.25
2400000.5 40978.25
2400000.5 40988.25
2400000.5 40998.25
2400000.5 41008.25
2400000.5 41018.25
2400000.5 41028.25
2400000.5 41038.25
2400000.5 41048.25
2400000.5 41058.25
2400000.5 41068.25
2400000.5 41078.25
2400000.5 41088.25
2400000.5 41098.25
2400000.5 41108.25
2400000.5 41118.25
2400000.5 41128.25
2400000.5 41138.25
2400000.5 41148.25
2400000.5 41158.25
2400000.5 41168.25
2400000.5 41178.25
2400000.5 41188.25
2400000.5 41198.25
2400000.5 41208.25
2400000.5 41218.25
2400000.5 41228.25
2400000.5 41238.25
2400000.5 41248.25
2400000.5 41258.25
2400000.5 41268.25
2400000.5 41278.25
2400000.5 41288.25
2400000.5 41298.25
2400000.5 41308.25
2400000.5 41318.25
2400000.5 41328.25
2400000.5 41338.25
2400000.5 41348.25
2400000.5 41358.25
2400000.5 41368.25
2400000.5 41378.25
2400000.5 41388.25
2400000.5 41398.25
2400000.5 41408.25
2400000.5 41418.25
2400000.5 41428.25
2400000.5 41438.25
2400000.5 41448.25
2400000.5 41458.25
2400000.5 41468.25
2400000.5 41478.25
2400000.5 41488.25
2400000.5 41498.25
2400000.5 41508.25
2400000.5 41518.25
2400000.5 41528.25
2400000.5 41538.25
2400000.5 41548.25
2400000.5 41558.25
2400000.5 41568.25
2400000.5 41578.25
2400000.5 41588.25
2400000.5 41598.25
2400000.5 41608.25
2400000.5 41618.25
2400000.5 41628.25
2400000.5 41638.25
2400000.5 41648.25
2400000.5 41658.25
2400000.5 41668.25
2400000.5 41678.25
2400000.5 41688.25
2400000.5 41698.25
2400000.5 41708.25
2400000.5 41718.25
2400000.5 41728.25
2400000.5 41738.25
2400000.5 41748.25
2400000.5 41758.25
2400000.5 41768.25
2400000.5 41778.25
2400000.5 41788.25
2400000.5 41798.25
2400000.5 41808.25
2400000.5 41818.25
2400000.5 41828.25
2400000.5 41838.25
2400000.5 41848.25
2400000.5 41858.25
2400000.5 41868.25
2400000.5 41878.25
2400000.5 41888.25
2400000.5 41898.25
2400000.5 41908.25
2400000.5 41918.25
2400000.5 41928.25
2400000.5 41938.25
2400000.5 41948.25
2400000.5 41958.25
2400000.5 41968.25
2400000.5 41978.25
2400000.5 41988.25
2400000.5 41998.25
2400000.5 42008.25
2400000.5 42018.25
2400000.5 42028.25
2400000.5 42038.25
2400000.5 42048.25
2400000.5 42058.25
2400000.5 42068.25
2400000.5 42078.25
2400000.5 42088.25
2400000.5 42098.25
2400000.5 42108.25
2400000.5 42118.25
2400000.5 42128.25
2400000.5 42138.25
2400000.5 42148.25
2400000.5 42158.25
2400000.5 42168.25
2400000.5 42178.25
2400000.5 42188.25
2400000.5 42198.25
2400000.5 42208.25
2400000.5 42218.25
2400000.5 42228.25
2400000.5 42238.25
2400000.5 42248.25
2400000.5 42258.25
2400000.5 42268.25
2400000.5 42278.25
2400000.5 42288.25
2400000.5 42298.25
2400000.5 42308.25
2400000.5 42318.25
2400000.5 42328.25
2400000.5 42338.25
2400000.5 42348.25
2400000.5 42358.25
2400000.5 42368.25
2400000.5 42378.25
2400000.5 42388.25
2400000.5 42398.25
2400000.5 42408.25
2400000.5 42418.25
2400000.5 42428.25
2400000.5 42438.25
2400000.5 42448.25
2400000.5 42458.25
2400000.5 42468.25
2400000.5 42478.25
2400000.5 42488.25
2400000.5 42498.25
2400000.5 42508.25
2400000.5 42518.25
2400000.5 42528.25
2400000.5 42538.25
2400000.5 42548.25
2400000.5 42558.25
2400000.5 42568.25
2400000.5 42578.25
2400000.5 42588.25
2400000.5 42598.25
2400000.5 42608.25
2400000.5 42618.25
2400000.5 42628.25
2400000.5 42638.25
2400000.5 42648.25
2400000.5 42658.25
2400000.5 42668.25
2400000.5 42678.25
2400000.5 42688.25
2400000.5 42698.25
2400000.5 42708.25
2400000.5 42718.25
2400000.5 42728.25
2400000.5 42738.25
2400000.5 42748.25
2400000.5 42758.25
2400000.5 42768.25
2400000.5 42778.25
2400000.5 42788.25
2400000.5 42798.25
2400000.5 42808.25
2400000.5 42818.25
2400000.5 42828.25
2400000.5 42838.25
2400000.5 42848.25
2400000.5 42858.25
2400000.5 42868.25
2400000.5 42878.25
2400000.5 42888.25
2400000.5 42898.25
2400000.5 42908.25
2400000.5 42918.25
2400000.5 42928.25
2400000.5 42938.25
2400000.5 42948.25
2400000.5 42958.25
2400000.5 42968.25
2400000.5 42978.25
2400000.5 42988.25
2400000.5 42998.25
2400000.5 43008.25
2400000.5 43018.25
2400000.5 43028.25
2400000.5 43038.25
2400000.5 43048.25
2400000.5 43058.25
2400000.5 43068.25
2400000.5 43078.25
2400000.5 43088.25
2400000.5 43098.25
2400000.5 43108.25
2400000.5 43118.25
2400000.5 43128.25
2400000.5 43138.25
2400000.5 43148.25
2400000.5 43158.25
2400000.5 43168.25
2400000.5 43178.25
2400000.5 43188.25
2400000.5 43198.25
2400000.5 43208.25
2400000.5 43218.25
2400000.5 43228.25
2400000.5 43238.25
2400000.5 43248.25
2400000.5 43258.25
2400000.5 43268.25
2400000.5 43278.25
2400000.5 43288.25
2400000.5 43298.25
2400000.5 43308.25
2400000.5 43318.25
2400000.5 43328.25
2400000.5 43338.25
2400000.5 43348.25
2400000.5 43358.25
2400000.5 43368.25
2400000.5 43378.25
2400000.5 43388.25
2400000.5 43398.25
2400000.5 43408.25
2400000.5 43418.25
2400000.5 43428.25
2400000.5 43438.25
2400000.5 43448.25
2400000.5 43458.25
2400000.5 43468.25
2400000.5 43478.25
2400000.5 43488.25
2400000.5 43498.25
2400000.5 43508.25
2400000.5 43518.25
2400000.5 43528.25
2400000.5 43538.25
2400000.5 43548.25
2400000.5 43558.25
2400000.5 43568.25
2400000.5 43578.25
2400000.5 43588.25
2400000.5 43598.25
2400000.5 43608.25
2400000.5 43618.25
2400000.5 43628.25
2400000.5 43638.25
2400000.5 43648.25
2400000.5 43658.25
2400000.5 43668.25
2400000.5 43678.25
2400000.5 43688.25
2400000.5 43698.25
2400000.5 43708.25
2400000.5 43718.25
2400000.5 43728.25
2400000.5 43738.25
2400000.5 43748.25
2400000.5 43758.25
2400000.5 43768.25
2400000.5 43778.25
2400000.5 43788.25
2400000.5 43798.25
2400000.5 43808.25
2400000.5 43818.25
2400000.5 43828.25
2400000.5 43838.25
2400000.5 43848.25
2400000.5 43858.25
2400000.5 43868.25
2400000.5 43878.25
2400000.5 43888.25
2400000.5 43898.25
2400000.5 43908.25
2400000.5 43918.25
2400000.5 43928.25
2400000.5 43938.25
2400000.5 43948.25
2400000.5 43958.25
2400000.5 43968.25
2400000.5 43978.25
2400000.5 43988.25
2400000.5 43998.25
2400000.5 44008.25
2400000.5 44018.25
2400000.5 44028.25
2400000.5 44038.25
2400000.5 44048.25
2400000.5 44058.25
2400000.5 44068.25
2400000.5 44078.25
2400000.5 44088.25
2400000.5 44098.25
2400000.5 44108.25
2400000.5 44118.25
2400000.5 44128.25
2400000.5 44138.25
2400000.5 44148.25
2400000.5 44158.25
2400000.5 44168.25
2400000.5 44178.25
2400000.5 44188.25
2400000.5 44198.25
2400000.5 44208.25
2400000.5 44218.25
2400000.5 44228.25
2400000.5 44238.25
2400000.5 44248.25
2400000.5 44258.25
2400000.5 44268.25
2400000.5 44278.25
2400000.5 44288.25
2400000.5 44298.25
2400000.5 44308.25
2400000.5 44318.25
2400000.5 44328.25
2400000.5 44338.25
2400000.5 44348.25
2400000.5 44358.25
2400000.5 44368.25
2400000.5 44378.25
2400000.5 44388.25
2400000.5 44398.25
2400000.5 44408.25
2400000.5 44418.25
2400000.5 44428.25
2400000.5 44438.25
2400000.5 44448.25
2400000.5 44458.25
2400000.5 44468.25
2400000.5 44478.25
2400000.5 44488.25
2400000.5 44498.25
2400000.5 44508.25
2400000.5 44518.25
2400000.5 44528.25
2400000.5 44538.25
2400000.5 44548.25
2400000.5 44558.25
2400000.5 44568.25
2400000.5 44578.25
2400000.5 44588.25
2400000.5 44598.25
2400000.5 44608.25
2400000.5 44618.25
2400000.5 44628.25
2400000.5 44638.25
2400000.5 44648.25
2400000.5 44658.25
2400000.5 44668.25
2400000.5 44678.25
2400000.5 44688.25
2400000.5 44698.25
2400000.5 44708.25
2400000.5 44718.25
2400000.5 44728.25
2400000.5 44738.25
2400000.5 44748.25
2400000.5 44758.25
2400000.5 44768.25
2400000.5 44778.25
2400000.5 44788.25
2400000.5 44798.25
2400000.5 44808.25
2400000.5 44818.25
2400000.5 44828.25
2400000.5 44838.25
2400000.5 44848.25
2400000.5 44858.25
2400000.5 44868.25
2400000.5 44878.25
2400000.5 44888.25
2400000.5 44898.25
2400000.5 44908.25
2400000.5 44918.25
2400000.5 44928.25
2400000.5 44938.25
2400000.5 44948.25
2400000.5 44958.25
2400000.5 44968.25
2400000.5 44978.25
2400000.5 44988.25
2400000.5 44998.25
2400000.5 45008.25
2400000.5 45018.25
2400000.5 45028.25
2400000.5 45038.25
2400000.5 45048.25
2400000.5 45058.25
2400000.5 45068.25
2400000.5 45078.25
2400000.5 45088.25
2400000.5 45098.25
2400000.5 45108.25
2400000.5 45118.25
2400000.5 45128.25
2400000.5 45138.25
2400000.5 45148.25
2400000.5 45158.25
2400000.5 45168.25
2400000.5 45178.25
2400000.5 45188.25
2400000.5 45198.25
2400000.5 45208.25
2400000.5 45218.25
2400000.5 45228.25
2400000.5 45238.25
2400000.5 45248.25
2400000.5 45258.25
2400000.5 45268.25
2400000.5 45278.25
2400000.5 45288.25
2400000.5 45298.25
2400000.5 45308.25
2400000.5 45318.25
2400000.5 45328.25
2400000.5 45338.25
2400000.5 45348.25
2400000.5 45358.25
2400000.5 45368.25
2400000.5 45378.25
2400000.5 45388.25
2400000.5 45398.25
2400000.5 45408.25
2400000.5 45418.25
2400000.5 45428.25
2400000.5 45438.25
2400000.5 45448.25
2400000.5 45458.25
2400000.5 45468.25
2400000.5 45478.25
2400000.5 45488.25
2400000.5 45498.25
2400000.5 45508.25
2400000.5 45518.25
2400000.5 45528.25
2400000.5 45538.25
2400000.5 45548.25
2400000.5 45558.25
2400000.5 45568.25
2400000.5 45578.25
2400000.5 45588.25
2400000.5 45598.25
2400000.5 45608.25
2400000.5 45618.25
2400000.5 45628.25
2400000.5 45638.25
2400000.5 45648.25
2400000.5 45658.25
2400000.5 45668.25
2400000.5 45678.25
2400000.5 45688.25
2400000.5 45698.25
2400000.5 45708.25
2400000.5 45718.25
2400000.5 45728.25
2400000.5 45738.25
2400000.5 45748.25
2400000.5 45758.25
2400000.5 45768.25
2400000.5 45778.25
2400000.5 45788.25
2400000.5 45798.25
2400000.5 45808.25
2400000.5 45818.25
2400000.5 45828.25
2400000.5 45838.25
2400000.5 45848.25
2400000.5 45858.25
2400000.5 45868.25
2400000.5 45878.25
2400000.5 45888.25
2400000.5 45898.25
2400000.5 45908.25
2400000.5 45918.25
2400000.5 45928.25
2400000.5 45938.25
2400000.5 45948.25
2400000.5 45958.25
2400000.5 45968.25
2400000.5 45978.25
2400000.5 45988.25
2400000.5 45998.25
2400000.5 46008.25
2400000.5 46018.25
2400000.5 46028.25
2400000.5 46038.25
2400000.5 46048.25
2400000.5 46058.25
2400000.5 46068.25
2400000.5 46078.25
2400000.5 46088.25
2400000.5 46098.25
2400000.5 46108.25
2400000.5 46118.25
2400000.5 46128.25
2400000.5 46138.25
2400000.5 46148.25
2400000.5 46158.25
2400000.5 46168.25
2400000.5 46178.25
2400000.5 46188.25
2400000.5 46198.25
2400000.5 46208.25
2400000.5 46218.25
2400000.5 46228.25
2400000.5 46238.25
2400000.5 46248.25
2400000.5 46258.25
2400000.5 46268.25
2400000.5 46278.25
2400000.5 46288.25
2400000.5 46298.25
2400000.5 46308.25
2400000.5 46318.25
2400000.5 46328.25
2400000.5 46338.25
2400000.5 46348.25
2400000.5 46358.25
2400000.5 46368.25
2400000.5 46378.25
2400000.5 46388.25
2400000.5 46398.25
2400000.5 46408.25
2400000.5 46418.25
2400000.5 46428.25
2400000.5 46438.25
2400000.5 46448.25
2400000.5 46458.25
2400000.5 46468.25
2400000.5 46478.25
2400000.5 46488.25
2400000.5 46498.25
2400000.5 46508.25
2400000.5 46518.25
2400000.5 46528.25
2400000.5 46538.25
2400000.5 46548.25
2400000.5 46558.25
2400000.5 46568.25
2400000.5 46578.25
2400000.5 46588.25
2400000.5 46598.25
2400000.5 46608.25
2400000.5 46618.25
2400000.5 46628.25
2400000.5 46638.25
2400000.5 46648.25
2400000.5 46658.25
2400000.5 46668.25
2400000.5 46678.25
2400000.5 46688.25
2400000.5 46698.25
2400000.5 46708.25
2400000.5 46718.25
2400000.5 46728.25
2400000.5 46738.25
2400000.5 46748.25
2400000.5 46758.25
2400000.5 46768.25
2400000.5 46778.25
2400000.5 46788.25
2400000.5 46798.25
2400000.5 46808.25
2400000.5 46818.25
2400000.5 46828.25
2400000.5 46838.25
2400000.5 46848.25
2400000.5 46858.25
2400000.5 46868.25
2400000.5 46878.25
2400000.5 46888.25
2400000.5 46898.25
2400000.5 46908.25
2400000.5 46918.25
2400000.5 46928.25
2400000.5 46938.25
2400000.5 46948.25
2400000.5 46958.25
2400000.5 46968.25
2400000.5 46978.25
2400000.5 46988.25
2400000.5 46998.25
2400000.5 47008.25
2400000.5 47018.25
2400000.5 47028.25
2400000.5 47038.25
2400000.5 47048.25
2400000.5 47058.25
2400000.5 47068.25
2400000.5 47078.25
2400000.5 47088.25
2400000.5 47098.25
2400000.5 47108.25
2400000.5 47118.25
2400000.5 47128.25
2400000.5 47138.25
2400000.5 47148.25
2400000.5 47158.25
2400000.5 47168.25
2400000.5 47178.25
2400000.5 47188.25
2400000.5 47198.25
2400000.5 47208.25
2400000.5 47218.25
2400000.5 47228.25
2400000.5 47238.25
2400000.5 47248.25
2400000.5 47258.25
2400000.5 47268.25
2400000.5 47278.25
2400000.5 47288.25
2400000.5 47298.25
2400000.5 47308.25
2400000.5 47318.25
2400000.5 47328.25
2400000.5 47338.25
2400000.5 47348.25
2400000.5 47358.25
2400000.5 47368.25
2400000.5 47378.25
2400000.5 47388.25
2400000.5 47398.25
2400000.5 47408.25
2400000.5 47418.25
2400000.5 47428.25
2400000.5 47438.25
2400000.5 47448.25
2400000.5 47458.25
2400000.5 47468.25
2400000.5 47478.25
2400000.5 47488.25
2400000.5 47498.25
2400000.5 47508.25
2400000.5 47518.25
2400000.5 47528.25
2400000.5 47538.25
2400000.5 47548.25
2400000.5 47558.25
2400000.5 47568.25
2400000.5 47578.25
2400000.5 47588.25
2400000.5 47598.25
2400000.5 47608.25
2400000.5 47618.25
2400000.5 47628.25
2400000.5 47638.25
2400000.5 47648.25
2400000.5 47658.25
2400000.5 47668.25
2400000.5 47678.25
2400000.5 47688.25
2400000.5 47698.25
2400000.5 47708.25
2400000.5 47718.25
2400000.5 47728.25
2400000.5 47738.25
2400000.5 47748.25
2400000.5 47758.25
2400000.5 47768.25
2400000.5 47778.25
2400000.5 47788.25
2400000.5 47798.25
2400000.5 47808.25
2400000.5 47818.25
2400000.5 47828.25
2400000.5 47838.25
2400000.5 47848.25
2400000.5 47858.25
2400000.5 47868.25
2400000.5 47878.25
2400000.5 47888.25
2400000.5 47898.25
2400000.5 47908.25
2400000.5 47918.25
2400000.5 47928.25
2400000.5 47938.25
2400000.5 47948.25
2400000.5 47958.25
2400000.5 47968.25
2400000.5 47978.25
2400000.5 47988.25
2400000.5 47998.25
2400000.5 48008.25
2400000.5 48018.25
2400000.5 48028.25
2400000.5 48038.25
2400000.5 48048.25
2400000.5 48058.25
2400000.5 48068.25
2400000.5 48078.25
2400000.5 48088.25
2400000.5 48098.25
2400000.5 48108.25
2400000.5 48118.25
2400000.5 48128.25
2400000.5 48138.25
2400000.5 48148.25
2400000.5 48158.25
2400000.5 48168.25
2400000.5 48178.25
2400000.5 48188.25
2400000.5 48198.25
2400000.5 48208.25
2400000.5 48218.25
2400000.5 48228.25
2400000.5 48238.25
2400000.5 48248.25
2400000.5 48258.25
2400000.5 48268.25
2400000.5 48278.25
2400000.5 48288.25
2400000.5 48298.25
2400000.5 48308.25
2400000.5 48318.25
2400000.5 48328.25
2400000.5 48338.25
2400000.5 48348.25
2400000.5 48358.25
2400000.5 48368.25
2400000.5 48378.25
2400000.5 48388.25
2400000.5 48398.25
2400000.5 48408.25
2400000.5 48418.25
2400000.5 48428.25
2400000.5 48438.25
2400000.5 48448.25
2400000.5 48458.25
2400000.5 48468.25
2400000.5 48478.25
2400000.5 48488.25
2400000.5 48498.25
2400000.5 48508.25
2400000.5 48518.25
2400000.5 48528.25
2400000.5 48538.25
2400000.5 48548.25
2400000.5 48558.25
2400000.5 48568.25
2400000.5 48578.25
2400000.5 48588.25
2400000.5 48598.25
2400000.5 48608.25
2400000.5 48618.25
2400000.5 48628.25
2400000.5 48638.25
2400000.5 48648.25
2400000.5 48658.25
2400000.5 48668.25
2400000.5 48678.25
2400000.5 48688.25
2400000.5 48698.25
2400000.5 48708.25
2400000.5 48718.25
2400000.5 48728.25
2400000.5 48738.25
2400000.5 48748.25
2400000.5 48758.25
2400000.5 48768.25
2400000.5 48778.25
2400000.5 48788.25
2400000.5 48798.25
2400000.5 48808.25
2400000.5 48818.25
2400000.5 48828.25
2400000.5 48838.25
2400000.5 48848.25
2400000.5 48858.25
2400000.5 48868.25
2400000.5 48878.25
2400000.5 48888.25
2400000.5 48898.25
2400000.5 48908.25
2400000.5 48918.25
2400000.5 48928.25
2400000.5 48938.25
2400000.5 48948.25
2400000.5 48958.25
2400000.5 48968.25
2400000.5 48978.25
2400000.5 48988.25
2400000.5 48998.25
2400000.5 49008.25
2400000.5 49018.25
2400000.5 49028.25
2400000.5 49038.25
2400000.5 49048.25
2400000.5 49058.25
2400000.5 49068.25
2400000.5 49078.25
2400000.5 49088.25
2400000.5 49098.25
2400000.5 49108.25
2400000.5 49118.25
2400000.5 49128.25
2400000.5 49138.25
2400000.5 49148.25
2400000.5 49158.25
2400000.5 49168.25
2400000.5 49178.25
2400000.5 49188.25
2400000.5 49198.25
2400000.5 49208.25
2400000.5 49218.25
2400000.5 49228.25
2400000.5 49238.25
2400000.5 49248.25
2400000.5 49258.25
2400000.5 49268.25
2400000.5 49278.25
2400000.5 49288.25
2400000.5 49298.25
2400000.5 49308.25
2400000.5 49318.25
2400000.5 49328.25
2400000.5 49338.25
2400000.5 49348.25
2400000.5 49358.25
2400000.5 49368.25
2400000.5 49378.25
2400000.5 49388.25
2400000.5 49398.25
2400000.5 49408.25
2400000.5 49418.25
2400000.5 49428.25
2400000.5 49438.25
2400000.5 49448.25
2400000.5 49458.25
2400000.5 49468.25
2400000.5 49478.25
2400000.5 49488.25
2400000.5 49498.25
2400000.5 49508.25
2400000.5 49518.25
2400000.5 49528.25
2400000.5 49538.25
2400000.5 49548.25
2400000.5 49558.25
2400000.5 49568.25
2400000.5 49578.25
2400000.5 49588.25
2400000.5 49598.25
2400000.5 49608.25
2400000.5 49618.25
2400000.5 49628.25
2400000.5 49638.25
2400000.5 49648.25
2400000.5 49658.25
2400000.5 49668.25
2400000.5 49678.25
2400000.5 49688.25
2400000.5 49698.25
2400000.5 49708.25
2400000.5 49718.25
2400000.5 49728.25
2400000.5 49738.25
2400000.5 49748.25
2400000.5 49758.25
2400000.5 49768.25
2400000.5 49778.25
2400000.5 49788.25
2400000.5 49798.25
2400000.5 49808.25
2400000.5 49818.25
2400000.5 49828.25
2400000.5 49838.25
2400000.5 49848.25
2400000.5 49858.25
2400000.5 49868.25
2400000.5 49878.25
2400000.5 49888.25
2400000.5 49898.25
2400000.5 49908.25
2400000.5 49918.25
2400000.5 49928.25
2400000.5 49938.25
2400000.5 49948.25
2400000.5 49958.25
2400000.5 49968.25
2400000.5 49978.25
2400000.5 49988.25
2400000.5 49998.25
2400000.5 50008.25
2400000.5 50018.25
2400000.5 50028.25
2400000.5 50038.25
2400000.5 50048.25
2400000.5 50058.25
2400000.5 50068.25
2400000.5 50078.25
2400000.5 50088.25
2400000.5 50098.25
2400000.5 50108.25
2400000.5 50118.25
2400000.5 50128.25
2400000.5 50138.25
2400000.5 50148.25
2400000.5 50158.25
2400000.5 50168.25
2400000.5 50178.25
2400000.5 50188.25
2400000.5 50198.25
2400000.5 50208.25
2400000.5 50218.25
2400000.5 50228.25
2400000.5 50238.25
2400000.5 50248.25
2400000.5 50258.25
2400000.5 50268.25
2400000.5 50278.25
2400000.5 50288.25
2400000.5 50298.25
2400000.5 50308.25
2400000.5 50318.25
2400000.5 50328.25
2400000.5 50338.25
2400000.5 50348.25
2400000.5 50358.25
2400000.5 50368.25
2400000.5 50378.25
2400000.5 50388.25
2400000.5 50398.25
2400000.5 50408.25
2400000.5 50418.25
2400000.5 50428.25
2400000.5 50438.25
2400000.5 50448.25
2400000.5 50458.25
2400000.5 50468.25
2400000.5 50478.25
2400000.5 50488.25
2400000.5 50498.25
2400000.5 50508.25
2400000.5 50518.25
2400000.5 50528.25
2400000.5 50538.25
2400000.5 50548.25
2400000.5 50558.25
2400000.5 50568.25
2400000.5 50578.25
2400000.5 50588.25
2400000.5 50598.25
2400000.5 50608.25
2400000.5 50618.25
2400000.5 50628.25
2400000.5 50638.25
2400000.5 50648.25
2400000.5 50658.25
2400000.5 50668.25
2400000.5 50678.25
2400000.5 50688.25
2400000.5 50698.25
2400000.5 50708.25
2400000.5 50718.25
2400000.5 50728.25
2400000.5 50738.25
2400000.5 50748.25
2400000.5 50758.25
2400000.5 50768.25
2400000.5 50778.25
2400000.5 50788.25
2400000.5 50798.25
2400000.5 50808.25
2400000.5 50818.25
2400000.5 50828.25
2400000.5 50838.25
2400000.5 50848.25
2400000.5 50858.25
2400000.5 50868.25
2400000.5 50878.25
2400000.5 50888.25
2400000.5 50898.25
2400000.5 50908.25
2400000.5 50918.25
2400000.5 50928.25
2400000.5 50938.25
2400000.5 50948.25
2400000.5 50958.25
2400000.5 50968.25
2400000.5 50978.25
2400000.5 50988.25
2400000.5 50998.25
2400000.5 51008.25
2400000.5 51018.25
2400000.5 51028.25
2400000.5 51038.25
2400000.5 51048.25
2400000.5 51058.25
2400000.5 51068.25
2400000.5 51078.25
2400000.5 51088.25
2400000.5 51098.25
2400000.5 51108.25
2400000.5 51118.25
2400000.5 51128.25
2400000.5 51138.25
2400000.5 51148.25
2400000.5 51158.25
2400000.5 51168.25
2400000.5 51178.25
2400000.5 51188.25
2400000.5 51198.25
2400000.5 51208.25
2400000.5 51218.25
2400000.5 51228.25
2400000.5 51238.25
2400000.5 51248.25
2400000.5 51258.25
2400000.5 51268.25
2400000.5 51278.25
2400000.5 51288.25
2400000.5 51298.25
2400000.5 51308.25
2400000.5 51318.25
2400000.5 51328.25
2400000.5 51338.25
2400000.5 51348.25
2400000.5 51358.25
2400000.5 51368.25
2400000.5 51378.25
2400000.5 51388.25
2400000.5 51398.25
2400000.5 51408.25
2400000.5 51418.25
2400000.5 51428.25
2400000.5 51438.25
2400000.5 51448.25
2400000.5 51458.25
2400000.5 51468.25
2400000.5 51478.25
2400000.5 51488.25
2400000.5 51498.25
2400000.5 51508.25
2400000.5 51518.25
2400000.5 51528.25
2400000.5 51538.25
2400000.5 51548.25
2400000.5 51558.25
2400000.5 51568.25
2400000.5 51578.25
2400000.5 51588.25
2400000.5 51598.25
2400000.5 51608.25
2400000.5 51618.25
2400000.5 51628.25
2400000.5 51638.25
2400000.5 51648.25
2400000.5 51658.25
2400000.5 51668.25
2400000.5 51678.25
2400000.5 51688.25
2400000.5 51698.25
2400000.5 51708.25
2400000.5 51718.25
2400000.5 51728.25
2400000.5 51738.25
2400000.5 51748.25
2400000.5 51758.25
2400000.5 51768.25
2400000.5 51778.25
2400000.5 51788.25
2400000.5 51798.25
2400000.5 51808.25
2400000.5 51818.25
2400000.5 51828.25
2400000.5 51838.25
2400000.5 51848.25
2400000.5 51858.25
2400000.5 51868.25
2400000.5 51878.25
2400000.5 51888.25
2400000.5 51898.25
2400000.5 51908.25
2400000.5 51918.25
2400000.5 51928.25
2400000.5 51938.25
2400000.5 51948.25
2400000.5 51958.25
2400000.5 51968.25
2400000.5 51978.25
2400000.5 51988.25
2400000.5 51998.25
2400000.5 52008.25
2400000.5 52018.25
2400000.5 52028.25
2400000.5 52038.25
2400000.5 52048.25
2400000.5 52058.25
2400000.5 52068.25
2400000.5 52078.25
2400000.5 52088.25
2400000.5 52098.25
2400000.5 52108.25
2400000.5 52118.25
2400000.5 52128.25
2400000.5 52138.25
2400000.5 52148.25
2400000.5 52158.25
2400000.5 52168.25
2400000.5 52178.25
2400000.5 52188.25
2400000.5 52198.25
2400000.5 52208.25
2400000.5 52218.25
2400000.5 52228.25
2400000.5 52238.25
2400000.5 52248.25
2400000.5 52258.25
2400000.5 52268.25
2400000.5 52278.25
2400000.5 52288.25
2400000.5 52298.25
2400000.5 52308.25
2400000.5 52318.25
2400000.5 52328.25
2400000.5 52338.25
2400000.5 52348.25
2400000.5 52358.25
2400000.5 52368.25
2400000.5 52378.25
2400000.5 52388.25
2400000.5 52398.25
2400000.5 52408.25
2400000.5 52418.25
2400000.5 52428.25
2400000.5 52438.25
2400000.5 52448.25
2400000.5 52458.25
2400000.5 52468.25
2400000.5 52478.25
2400000.5 52488.25
2400000.5 52498.25
2400000.5 52508.25
2400000.5 52518.25
2400000.5 52528.25
2400000.5 52538.25
2400000.5 52548.25
2400000.5 52558.25
2400000.5 52568.25
2400000.5 52578.25
2400000.5 52588.25
2400000.5 52598.25
2400000.5 52608.25
2400000.5 52618.25
2400000.5 52628.25
2400000.5 52638.25
2400000.5 52648.25
2400000.5 52658.25
2400000.5 52668.25
2400000.5 52678.25
2400000.5 52688.25
2400000.5 52698.25
2400000.5 52708.25
2400000.5 52718.25
2400000.5 52728.25
2400000.5 52738.25
2400000.5 52748.25
2400000.5 52758.25
2400000.5 52768.25
2400000.5 52778.25
2400000.5 52788.25
2400000.5 52798.25
2400000.5 52808.25
2400000.5 52818.25
2400000.5 52828.25
2400000.5 52838.25
2400000.5 52848.25
2400000.5 52858.25
2400000.5 52868.25
2400000.5 52878.25
2400000.5 52888.25
2400000.5 52898.25
2400000.5 52908.25
2400000.5 52918.25
2400000.5 52928.25
2400000.5 52938.25
2400000.5 52948.25
2400000.5 52958.25
2400000.5 52968.25
2400000.5 52978.25
2400000.5 52988.25
2400000.5 52998.25
2400000.5 53008.25
2400000.5 53018.25
2400000.5 53028.25
2400000.5 53038.25
2400000.5 53048.25
2400000.5 53058.25
2400000.5 53068.25
2400000.5 53078.25
2400000.5 53088.25
2400000.5 53098.25
2400000.5 53108.25
2400000.5 53118.25
2400000.5 53128.25
2400000.5 53138.25
2400000.5 53148.25
2400000.5 53158.25
2400000.5 53168.25
2400000.5 53178.25
2400000.5 53188.25
2400000.5 53198.25
2400000.5 53208.25
2400000.5 53218.25
2400000.5 53228.25
2400000.5 53238.25
2400000.5 53248.25
2400000.5 53258.25
2400000.5 53268.25
2400000.5 53278.25
2400000.5 53288.25
2400000.5 53298.25
2400000.5 53308.25
2400000.5 53318.25
2400000.5 53328.25
2400000.5 53338.25
2400000.5 53348.25
2400000.5 53358.25
2400000.5 53368.25
2400000.5 53378.25
2400000.5 53388.25
2400000.5 53398.25
2400000.5 53408.25
2400000.5 53418.25
2400000.5 53428.25
2400000.5 53438.25
2400000.5 53448.25
2400000.5 53458.25
2400000.5 53468.25
2400000.5 53478.25
2400000.5 53488.25
2400000.5 53498.25
2400000.5 53508.25
2400000.5 53518.25
2400000.5 53528.25
2400000.5 53538.25
2400000.5 53548.25
2400000.5 53558.25
2400000.5 53568.25
2400000.5 53578.25
2400000.5 53588.25
2400000.5 53598.25
2400000.5 53608.25
2400000.5 53618.25
2400000.5 53628.25
2400000.5 53638.25
2400000.5 53648.25
2400000.5 53658.25
2400000.5 53668.25
2400000.5 53678.25
2400000.5 53688.25
2400000.5 53698.25
2400000.5 53708.25
2400000.5 53718.25
2400000.5 53728.25
2400000.5 53738.25
2400000.5 53748.25
2400000.5 53758.25
2400000.5 53768.25
2400000.5 53778.25
2400000.5 53788.25
2400000.5 53798.25
2400000.5 53808.25
2400000.5 53818.25
2400000.5 53828.25
2400000.5 53838.25
2400000.5 53848.25
2400000.5 53858.25
2400000.5 53868.25
2400000.5 53878.25
2400000.5 53888.25
2400000.5 53898.25
2400000.5 53908.25
2400000.5 53918.25
2400000.5 53928.25
2400000.5 53938.25
2400000.5 53948.25
2400000.5 53958.25
2400000.5 53968.25
2400000.5 53978.25
2400000.5 53988.25
2400000.5 53998.25
2400000.5 54008.25
2400000.5 54018.25
2400000.5 54028.25
2400000.5 54038.25
2400000.5 54048.25
2400000.5 54058.25
2400000.5 54068.25
2400000.5 54078.25
2400000.5 54088.25
2400000.5 54098.25
2400000.5 54108.25
2400000.5 54118.25
2400000.5 54128.25
2400000.5 54138.25
2400000.5 54148.25
2400000.5 54158.25
2400000.5 54168.25
2400000.5 54178.25
2400000.5 54188.25
2400000.5 54198.25
2400000.5 54208.25
2400000.5 54218.25
2400000.5 54228.25
2400000.5 54238.25
2400000.5 54248.25
2400000.5 54258.25
2400000.5 54268.25
2400000.5 54278.25
2400000.5 54288.25
2400000.5 54298.25
2400000.5 54308.25
2400000.5 54318.25
2400000.5 54328.25
2400000.5 54338.25
2400000.5 54348.25
2400000.5 54358.25
2400000.5 54368.25
2400000.5 54378.25
2400000.5 54388.25
2400000.5 54398.25
2400000.5 54408.25
2400000.5 54418.25
2400000.5 54428.25
2400000.5 54438.25
2400000.5 54448.25
2400000.5 54458.25
2400000.5 54468.25
2400000.5 54478.25
2400000.5 54488.25
2400000.5 54498.25
2400000.5 54508.25
2400000.5 54518.25
2400000.5 54528.25
2400000.5 54538.25
2400000.5 54548.25
2400000.5 54558.25
2400000.5 54568.25
2400000.5 54578.25
2400000.5 54588.25
2400000.5 54598.25
2400000.5 54608.25
2400000.5 54618.25
2400000.5 54628.25
2400000.5 54638.25
2400000.5 54648.25
2400000.5 54658.25
2400000.5 54668.25
2400000.5 54678.25
2400000.5 54688.25
2400000.5 54698.25
2400000.5 54708.25
2400000.5 54718.25
2400000.5 54728.25
2400000.5 54738.25
2400000.5 54748.25
2400000.5 54758.25
2400000.5 54768.25
2400000.5 54778.25
2400000.5 54788.25
2400000.5 54798.25
2400000.5 54808.25
2400000.5 54818.25
2400000.5 54828.25
2400000.5 54838.25
2400000.5 54848.25
2400000.5 54858.25
2400000.5 54868.25
2400000.5 54878.25
2400000.5 54888.25
2400000.5 54898.25
2400000.5 54908.25
2400000.5 54918.25
2400000.5 54928.25
2400000.5 54938.25
2400000.5 54948.25
2400000.5 54958.25
2400000.5 54968.25
2400000.5 54978.25
2400000.5 54988.25
2400000.5 54998.25
2400000.5 55008.25
2400000.5 55018.25
2400000.5 55028.25
2400000.5 55038.25
2400000.5 55048.25
2400000.5 55058.25
2400000.5 55068.25
2400000.5 55078.25
2400000.5 55088.25
2400000.5 55098.25
2400000.5 55108.25
2400000.5 55118.25
2400000.5 55128.25
2400000.5 55138.25
2400000.5 55148.25
2400000.5 55158.25
2400000.5 55168.25
2400000.5 55178.25
2400000.5 55188.25
2400000.5 55198.25
2400000.5 55208.25
2400000.5 55218.25
2400000.5 55228.25
2400000.5 55238.25
2400000.5 55248.25
2400000.5 55258.25
2400000.5 55268.25
2400000.5 55278.25
2400000.5 55288.25
2400000.5 55298.25
2400000.5 55308.25
2400000.5 55318.25
2400000.5 55328.25
2400000.5 55338.25
2400000.5 55348.25
2400000.5 55358.25
2400000.5 55368.25
2400000.5 55378.25
2400000.5 55388.25
2400000.5 55398.25
2400000.5 55408.25
2400000.5 55418.25
2400000.5 55428.25
2400000.5 55438.25
2400000.5 55448.25
2400000.5 55458.25
2400000.5 55468.25
2400000.5 55478.25
2400000.5 55488.25
2400000.5 55498.25
2400000.5 55508.25
2400000.5 55518.25
2400000.5 55528.25
2400000.5 55538.25
2400000.5 55548.25
2400000.5 55558.25
2400000.5 55568.25
2400000.5 55578.25
2400000.5 55588.25
2400000.5 55598.25
2400000.5 55608.25
2400000.5 55618.25
2400000.5 55628.25
2400000.5 55638.25
2400000.5 55648.25
2400000.5 55658.25
2400000.5 55668.25
2400000.5 55678.25
2400000.5 55688.25
2400000.5 55698.25
2400000.5 55708.25
2400000.5 55718.25
2400000.5 55728.25
2400000.5 55738.25
2400000.5 55748.25
2400000.5 55758.25
2400000.5 55768.25
2400000.5 55778.25
2400000.5 55788.25
2400000.5 55798.25
2400000.5 55808.25
2400000.5 55818.25
2400000.5 55828.25
2400000.5 55838.25
2400000.5 55848.25
2400000.5 55858.25
2400000.5 55868.25
2400000.5 55878.25
2400000.5 55888.25
2400000.5 55898.25
2400000.5 55908.25
2400000.5 55918.25
2400000.5 55928.25
2400000.5 55938.25
2400000.5 55948.25
2400000.5 55958.25
2400000.5 55968.25
2400000.5 55978.25
2400000.5 55988.25
2400000.5 55998.25
2400000.5 56008.25
2400000.5 56018.25
2400000.5 56028.25
2400000.5 56038.25
2400000.5 56048.25
2400000.5 56058.25
2400000.5 56068.25
2400000.5 56078.25
2400000.5 56088.25
2400000.5 56098.25
2400000.5 56108.25
2400000.5 56118.25
2400000.5 56128.25
2400000.5 56138.25
2400000.5 56148.25
2400000.5 56158.25
2400000.5 56168.25
2400000.5 56178.25
2400000.5 56188.25
2400000.5 56198.25
2400000.5 56208.25
2400000.5 56218.25
2400000.5 56228.25
2400000.5 56238.25
2400000.5 56248.25
2400000.5 56258.25
2400000.5 56268.25
2400000.5 56278.25
2400000.5 56288.25
2400000.5 56298.25
2400000.5 56308.25
2400000.5 56318.25
2400000.5 56328.25
2400000.5 56338.25
2400000.5 56348.25
2400000.5 56358.25
2400000.5 56368.25
2400000.5 56378.25
2400000.5 56388.25
2400000.5 56398.25
2400000.5 56408.25
2400000.5 56418.25
2400000.5 56428.25
2400000.5 56438.25
2400000.5 56448.25
2400000.5 56458.25
2400000.5 56468.25
2400000.5 56478.25
2400000.5 56488.25
2400000.5 56498.25
2400000.5 56508.25
2400000.5 56518.25
2400000.5 56528.25
2400000.5 56538.25
2400000.5 56548.25
2400000.5 56558.25
2400000.5 56568.25
2400000.5 56578.25
2400000.5 56588.25
2400000.5 56598.25
2400000.5 56608.25
2400000.5 56618.25
2400000.5 56628.25
2400000.5 56638.25
2400000.5 56648.25
2400000.5 56658.25
2400000.5 56668.25
2400000.5 56678.25
2400000.5 56688.25
2400000.5 56698.25
2400000.5 56708.25
2400000.5 56718.25
2400000.5 56728.25
2400000.5 56738.25
2400000.5 56748.25
2400000.5 56758.25
2400000.5 56768.25
2400000.5 56778.25
2400000.5 56788.25
2400000.5 56798.25
2400000.5 56808.25
2400000.5 56818.25
2400000.5 56828.25
2400000.5 56838.25
2400000.5 56848.25
2400000.5 56858.25
2400000.5 56868.25
2400000.5 56878.25
2400000.5 56888.25
2400000.5 56898.25
2400000.5 56908.25
2400000.5 56918.25
2400000.5 56928.25
2400000.5 56938.25
2400000.5 56948.25
2400000.5 56958.25
2400000.5 56968.25
2400000.5 56978.25
2400000.5 56988.25
2400000.5 56998.25
2400000.5 57008.25
2400000.5 57018.25
2400000.5 57028.25
2400000.5 57038.25
2400000.5 57048.25
2400000.5 57058.25
2400000.5 57068.25
2400000.5 57078.25
2400000.5 57088.25
2400000.5 57098.25
2400000.5 57108.25
2400000.5 57118.25
2400000.5 57128.25
2400000.5 57138.25
2400000.5 57148.25
2400000.5 57158.25
2400000.5 57168.25
2400000.5 57178.25
2400000.5 57188.25
2400000.5 57198.25
2400000.5 57208.25
2400000.5 57218.25
2400000.5 57228.25
2400000.5 57238.25
2400000.5 57248.25
2400000.5 57258.25
2400000.5 57268.25
2400000.5 57278.25
2400000.5 57288.25
2400000.5 57298.25
2400000.5 57308.25
2400000.5 57318.25
2400000.5 57328.25
2400000.5 57338.25
2400000.5 57348.25
2400000.5 57358.25
2400000.5 57368.25
2400000.5 57378.25
2400000.5 57388.25
2400000.5 57398.25
2400000.5 57408.25
2400000.5 57418.25
2400000.5 57428.25
2400000.5 57438.25
2400000.5 57448.25
2400000.5 57458.25
2400000.5 57468.25
2400000.5 57478.25
2400000.5 57488.25
2400000.5 57498.25
2400000.5 57508.25
2400000.5 57518.25
2400000.5 57528.25
2400000.5 57538.25
2400000.5 57548.25
2400000.5 57558.25
2400000.5 57568.25
2400000.5 57578.25
2400000.5 57588.25
2400000.5 57598.25
2400000.5 57608.25
2400000.5 57618.25
2400000.5 57628.25
2400000.5 57638.25
2400000.5 57648.25
2400000.5 57658.25
2400000.5 57668.25
2400000.5 57678.25
2400000.5 57688.25
2400000.5 57698.25
2400000.5 57708.25
2400000.5 57718.25
2400000.5 57728.25
2400000.5 57738.25
2400000.5 57748.25
2400000.5 57758.25
2400000.5 57768.25
2400000.5 57778.25
2400000.5 57788.25
2400000.5 57798.25
2400000.5 57808.25
2400000.5 57818.25
2400000.5 57828.25
2400000.5 57838.25
2400000.5 57848.25
2400000.5 57858.25
2400000.5 57868.25
2400000.5 57878.25
2400000.5 57888.25
2400000.5 57898.25
2400000.5 57908.25
2400000.5 57918.25
2400000.5 57928.25
2400000.5 57938.25
2400000.5 57948.25
2400000.5 57958.25
2400000.5 57968.25
2400000.5 57978.25
2400000.5 57988.25
2400000.5 57998.25
2400000.5 58008.25
2400000.5 58018.25
2400000.5 58028.25
2400000.5 58038.25
2400000.5 58048.25
2400000.5 58058.25
2400000.5 58068.25
2400000.5 58078.25
2400000.5 58088.25
2400000.5 58098.25
2400000.5 58108.25
2400000.5 58118.25
2400000.5 58128.25
2400000.5 58138.25
2400000.5 58148.25
2400000.5 58158.25
2400000.5 58168.25
2400000.5 58178.25
2400000.5 58188.25
2400000.5 58198.25
2400000.5 58208.25
2400000.5 58218.25
2400000.5 58228.25
2400000.5 58238.25
2400000.5 58248.25
2400000.5 58258.25
2400000.5 58268.25
2400000.5 58278.25
2400000.5 58288.25
2400000.5 58298.25
2400000.5 58308.25
2400000.5 58318.25
2400000.5 58328.25
2400000.5 58338.25
2400000.5 58348.25
2400000.5 58358.25
2400000.5 58368.25
2400000.5 58378.25
2400000.5 58388.25
2400000.5 58398.25
2400000.5 58408.25
2400000.5 58418.25
2400000.5 58428.25
2400000.5 58438.25
2400000.5 58448.25
2400000.5 58458.25
2400000.5 58468.25
2400000.5 58478.25
2400000.5 58488.25
2400000.5 58498.25
2400000.5 58508.25
2400000.5 58518.25
2400000.5 58528.25
2400000.5 58538.25
2400000.5 58548.25
2400000.5 58558.25
2400000.5 58568.25
2400000.5 58578.25
2400000.5 58588.25
2400000.5 58598.25
2400000.5 58608.25
2400000.5 58618.25
2400000.5 58628.25
2400000.5 58638.25
2400000.5 58648.25
2400000.5 58658.25
2400000.5 58668.25
2400000.5 58678.25
2400000.5 58688.25
2400000.5 58698.25
2400000.5 58708.25
2400000.5 58718.25
2400000.5 58728.25
2400000.5 58738.25
2400000.5 58748.25
2400000.5 58758.25
2400000.5 58768.25
2400000.5 58778.25
2400000.5 58788.25
2400000.5 58798.25
2400000.5 58808.25
2400000.5 58818.25
2400000.5 58828.25
2400000.5 58838.25
2400000.5 58848.25
2400000.5 58858.25
2400000.5 58868.25
2400000.5 58878.25
2400000.5 58888.25
2400000.5 58898.25
2400000.5 58908.25
2400000.5 58918.25
2400000.5 58928.25
2400000.5 58938.25
2400000.5 58948.25
2400000.5 58958.25
2400000.5 58968.25
2400000.5 58978.25
2400000.5 58988.25
2400000.5 58998.25
2400000.5 59008.25
2400000.5 59018.25
2400000.5 59028.25
2400000.5 59038.25
2400000.5 59048.25
2400000.5 59058.25
2400000.5 59068.25
2400000.5 59078.25
2400000.5 59088.25
2400000.5 59098.25
2400000.5 59108.25
2400000.5 59118.25
2400000.5 59128.25
2400000.5 59138.25
2400000.5 59148.25
2400000.5 59158.25
2400000.5 59168.25
2400000.5 59178.25
2400000.5 59188.25
2400000.5 59198.25
2400000.5 59208.25
2400000.5 59218.25
2400000.5 59228.25
2400000.5 59238.25
2400000.5 59248.25
2400000.5 59258.25
2400000.5 59268.25
2400000.5 59278.25
2400000.5 59288.25
2400000.5 59298.25
2400000.5 59308.25
2400000.5 59318.25
2400000.5 59328.25
2400000.5 59338.25
2400000.5 59348.25
2400000.5 59358.25
2400000.5 59368.25
2400000.5 59378.25
2400000.5 59388.25
2400000.5 59398.25
2400000.5 59408.25
2400000.5 59418.25
2400000.5 59428.25
2400000.5 59438.25
2400000.5 59448.25
2400000.5 59458.25
2400000.5 59468.25
2400000.5 59478.25
2400000.5 59488.25
2400000.5 59498.25
2400000.5 59508.25
2400000.5 59518.25
2400000.5 59528.25
2400000.5 59538.25
2400000.5 59548.25
2400000.5 59558.25
2400000.5 59568.25
2400000.5 59578.25
2400000.5 59588.25
2400000.5 59598.25
2400000.5 59608.25
2400000.5 59618.25
2400000.5 59628.25
2400000.5 59638.25
2400000.5 59648.25
2400000.5 59658.25
2400000.5 59668.25
2400000.5 59678.25
2400000.5 59688.25
2400000.5 59698.25
2400000.5 59708.25
2400000.5 59718.25
2400000.5 59728.25
2400000.5 59738.25
2400000.5 59748.25
2400000.5 59758.25
2400000.5 59768.25
2400000.5 59778.25
2400000.5 59788.25
2400000.5 59798.25
2400000.5 59808.25
2400000.5 59818.25
2400000.5 59828.25
2400000.5 59838.25
2400000.5 59848.25
2400000.5 59858.25
2400000.5 59868.25
2400000.5 59878.25
2400000.5 59888.25
2400000.5 59898.25
2400000.5 59908.25
2400000.5 59918.25
2400000.5 59928.25
2400000.5 59938.25
2400000.5 59948.25
2400000.5 59958.25
2400000.5 59968.25
2400000.5 59978.25
2400000.5 59988.25
2400000.5 59998.25
2400000.5 60008.25
2400000.5 60018.25
2400000.5 60028.25
2400000.5 60038.25
2400000.5 60048.25
2400000.5 60058.25
2400000.5 60068.25
2400000.5 60078.25
2400000.5 60088.25
2400000.5 60098.25
2400000.5 60108.25
2400000.5 60118.25
2400000.5 60128.25
2400000.5 60138.25
2400000.5 60148.25
2400000.5 60158.25
2400000.5 60168.25
2400000.5 60178.25
2400000.5 60188.25
2400000.5 60198.25
2400000.5 60208.25
2400000.5 60218.25
2400000.5 60228.25
2400000.5 60238.25
2400000.5 60248.25
2400000.5 60258.25
2400000.5 60268.25
2400000.5 60278.25
2400000.5 60288.25
2400000.5 60298.25
2400000.5 60308.25
2400000.5 60318.25
2400000.5 60328.25
2400000.5 60338.25
2400000.5 60348.25
2400000.5 60358.25
2400000.5 60368.25
2400000.5 60378.25
2400000.5 60388.25
2400000.5 60398.25
2400000.5 60408.25
2400000.5 60418.25
2400000.5 60428.25
2400000.5 60438.25
2400000.5 60448.25
2400000.5 60458.25
2400000.5 60468.25
2400000.5 60478.25
2400000.5 60488.25
2400000.5 60498.25
2400000.5 60508.25
2400000.5 60518.25
2400000.5 60528.25
2400000.5 60538.25
2400000.5 60548.25
2400000.5 60558.25
2400000.5 60568.25
2400000.5 60578.25
2400000.5 60588.25
2400000.5 60598.25
2400000.5 60608.25
2400000.5 60618.25
2400000.5 60628.25
2400000.5 60638.25
2400000.5 60648.25
2400000.5 60658.25
2400000.5 60668.25
2400000.5 60678.25
2400000.5 60688.25
2400000.5 60698.25
2400000.5 60708.25
2400000.5 60718.25
2400000.5 60728.25
2400000.5 60738.25
2400000.5 60748.25
2400000.5 60758.25
2400000.5 60768.25
2400000.5 60778.25
2400000.5 60788.25
2400000.5 60798.25
2400000.5 60808.25
2400000.5 60818.25
2400000.5 60828.25
2400000.5 60838.25
2400000.5 60848.25
2400000.5 60858.25
2400000.5 60868.25
2400000.5 60878.25
2400000.5 60888.25
2400000.5 60898.25
2400000.5 60908.25
2400000.5 60918.25
2400000.5 60928.25
2400000.5 60938.25
2400000.5 60948.25
2400000.5 60958.25
2400000.5 60968.25
2400000.5 60978.25
2400000.5 60988.25
2400000.5 60998.25
2400000.5 61008.25
2400000.5 61018.25
2400000.5 61028.25
2400000.5 61038.25
2400000.5 61048.25
2400000.5 61058.25
2400000.5 61068.25
2400000.5 61078.25
2400000.5 61088.25
2400000.5 61098.25
2400000.5 61108.25
2400000.5 61118.25
2400000.5 61128.25
2400000.5 61138.25
2400000.5 61148.25
2400000.5 61158.25
2400000.5 61168.25
2400000.5 61178.25
2400000.5 61188.25
2400000.5 61198.25
2400000.5 61208.25
2400000.5 61218.25
2400000.5 61228.25
2400000.5 61238.25
2400000.5 61248.25
2400000.5 61258.25
2400000.5 61268.25
2400000.5 61278.25
2400000.5 61288.25
2400000.5 61298.25
2400000.5 61308.25
2400000.5 61318.25
2400000.5 61328.25
2400000.5 61338.25
2400000.5 61348.25
2400000.5 61358.25
2400000.5 61368.25
2400000.5 61378.25
2400000.5 61388.25
2400000.5 61398.25
2400000.5 61408.25
2400000.5 61418.25
2400000.5 61428.25
2400000.5 61438.25
2400000.5 61448.25
2400000.5 61458.25
2400000.5 61468.25
2400000.5 61478.25
2400000.5 61488.25
2400000.5 61498.25
2400000.5 61508.25
2400000.5 61518.25
2400000.5 61528.25
2400000.5 61538.25
2400000.5 61548.25
2400000.5 61558.25
2400000.5 61568.25
2400000.5 61578.25
2400000.5 61588.25
2400000.5 61598.25
2400000.5 61608.25
2400000.5 61618.25
2400000.5 61628.25
2400000.5 61638.25
2400000.5 61648.25
2400000.5 61658.25
2400000.5 61668.25
2400000.5 61678.25
2400000.5 61688.25
2400000.5 61698.25
2400000.5 61708.25
2400000.5 61718.25
2400000.5 61728.25
2400000.5 61738.25
2400000.5 61748.25
2400000.5 61758.25
2400000.5 61768.25
2400000.5 61778.25
2400000.5 61788.25
2400000.5 61798.25
2400000.5 61808.25
2400000.5 61818.25
2400000.5 61828.25
2400000.5 61838.25
2400000.5 61848.25
2400000.5 61858.25
2400000.5 61868.25
2400000.5 61878.25
2400000.5 61888.25
2400000.5 61898.25
2400000.5 61908.25
2400000.5 61918.25
2400000.5 61928.25
2400000.5 61938.25
2400000.5 61948.25
2400000.5 61958.25
2400000.5 61968.25
2400000.5 61978.25
2400000.5 61988.25
2400000.5 61998.25
2400000.5 62008.25
2400000.5 62018.25
2400000.5 62028.25
2400000.5 62038.25
2400000.5 62048.25
2400000.5 62058.25
2400000.5 62068.25
2400000.5 62078.25
2400000.5 62088.25
2400000.5 62098.25
2400000.5 62108.25
2400000.5 62118.25
2400000.5 62128.25
2400000.5 62138.25
2400000.5 62148.25
2400000.5 62158.25
2400000.5 62168.25
2400000.5 62178.25
2400000.5 62188.25
2400000.5 62198.25
2400000.5 62208.25
2400000.5 62218.25
2400000.5 62228.25
2400000.5 62238.25
2400000.5 62248.25
2400000.5 62258.25
2400000.5 62268.25
2400000.5 62278.25
2400000.5 62288.25
2400000.5 62298.25
2400000.5 62308.25
2400000.5 62318.25
2400000.5 62328.25
2400000.5 62338.25
2400000.5 62348.25
2400000.5 62358.25
2400000.5 62368.25
2400000.5 62378.25
2400000.5 62388.25
2400000.5 62398.25
2400000.5 62408.25
2400000.5 62418.25
2400000.5 62428.25
2400000.5 62438.25
2400000.5 62448.25
2400000.5 62458.25
2400000.5 62468.25
2400000.5 62478.25
2400000.5 62488.25
2400000.5 62498.25
2400000.5 62508.25
2400000.5 62518.25
2400000.5 62528.25
2400000.5 62538.25
2400000.5 62548.25
2400000.5 62558.25
2400000.5 62568.25
2400000.5 62578.25
2400000.5 62588.25
2400000.5 62598.25
2400000.5 62608.25
2400000.5 62618.25
2400000.5 62628.25
2400000.5 62638.25
2400000.5 62648.25
2400000.5 62658.25
2400000.5 62668.25
2400000.5 62678.25
2400000.5 62688.25
2400000.5 62698.25
2400000.5 62708.25
2400000.5 62718.25
2400000.5 62728.25
2400000.5 62738.25
2400000.5 62748.25
2400000.5 62758.25
2400000.5 62768.25
2400000.5 62778.25
2400000.5 62788.25
2400000.5 62798.25
2400000.5 62808.25
2400000.5 62818.25
2400000.5 62828.25
2400000.5 62838.25
2400000.5 62848.25
2400000.5 62858.25
2400000.5 62868.25
2400000.5 62878.25
2400000.5 62888.25
2400000.5 62898.25
2400000.5 62908.25
2400000.5 62918.25
2400000.5 62928.25
2400000.5 62938.25
2400000.5 62948.25
2400000.5 62958.25
