2442000.5
2442010.5
2442020.5
2442030.5
2442040.5
2442050.5
2442060.5
2442070.5
2442080.5
2442090.5
2442100.5
2442110.5
2442120.5
2442130.5
2442140.5
2442150.5
2442160.5
2442170.5
2442180.5
2442190.5
2442200.5
2442210.5
2442220.5
2442230.5
2442240.5
2442250.5
2442260.5
2442270.5
2442280.5
2442290.5
2442300.5
2442310.5
2442320.5
2442330.5
2442340.5
2442350.5
2442360.5
2442370.5
2442380.5
2442390.5
2442400.5
2442410.5
2442420.5
2442430.5
2442440.5
2442450.5
2442460.5
2442470.5
2442480.5
2442490.5
2442500.5
2442510.5
2442520.5
2442530.5
2442540.5
2442550.5
2442560.5
2442570.5
2442580.5
2442590.5
2442600.5
2442610.5
2442620.5
2442630.5
2442640.5
2442650.5
2442660.5
2442670.5
2442680.5
2442690.5
2442700.5
2442710.5
2442720.5
2442730.5
2442740.5
2442750.5
2442760.5
2442770.5
2442780.5
2442790.5
2442800.5
2442810.5
2442820.5
2442830.5
2442840.5
2442850.5
2442860.5
2442870.5
2442880.5
2442890.5
2442900.5
2442910.5
2442920.5
2442930.5
2442940.5
2442950.5
2442960.5
2442970.5
2442980.5
2442990.5
2443000.5
2443010.5
2443020.5
2443030.5
2443040.5
2443050.5
2443060.5
2443070.5
2443080.5
2443090.5
2443100.5
2443110.5
2443120.5
2443130.5
2443140.5
2443150.5
2443160.5
2443170.5
2443180.5
2443190.5
2443200.5
2443210.5
2443220.5
2443230.5
2443240.5
2443250.5
2443260.5
2443270.5
2443280.5
2443290.5
2443300.5
2443310.5
2443320.5
2443330.5
2443340.5
2443350.5
2443360.5
2443370.5
2443380.5
2443390.5
2443400.5
2443410.5
2443420.5
2443430.5
2443440.5
2443450.5
2443460.5
2443470.5
2443480.5
2443490.5
2443500.5
2443510.5
2443520.5
2443530.5
2443540.5
2443550.5
2443560.5
2443570.5
2443580.5
2443590.5
2443600.5
2443610.5
2443620.5
2443630.5
2443640.5
2443650.5
2443660.5
2443670.5
2443680.5
2443690.5
2443700.5
2443710.5
2443720.5
2443730.5
2443740.5
2443750.5
2443760.5
2443770.5
2443780.5
2443790.5
2443800.5
2443810.5
2443820.5
2443830.5
2443840.5
2443850.5
2443860.5
2443870.5
2443880.5
2443890.5
2443900.5
2443910.5
2443920.5
2443930.5
2443940.5
2443950.5
2443960.5
2443970.5
2443980.5
2443990.5
2444000.5
2444010.5
2444020.5
2444030.5
2444040.5
2444050.5
2444060.5
2444070.5
2444080.5
2444090.5
2444100.5
2444110.5
2444120.5
2444130.5
2444140.5
2444150.5
2444160.5
2444170.5
2444180.5
2444190.5
2444200.5
2444210.5
2444220.5
2444230.5
2444240.5
2444250.5
2444260.5
2444270.5
2444280.5
2444290.5
2444300.5
2444310.5
2444320.5
2444330.5
2444340.5
2444350.5
2444360.5
2444370.5
2444380.5
2444390.5
2444400.5
2444410.5
2444420.5
2444430.5
2444440.5
2444450.5
2444460.5
2444470.5
2444480.5
2444490.5
2444500.5
2444510.5
2444520.5
2444530.5
2444540.5
2444550.5
2444560.5
2444570.5
2444580.5
2444590.5
2444600.5
2444610.5
2444620.5
2444630.5
2444640.5
2444650.5
2444660.5
2444670.5
2444680.5
2444690.5
2444700.5
2444710.5
2444720.5
2444730.5
2444740.5
2444750.5
2444760.5
2444770.5
2444780.5
2444790.5
2444800.5
2444810.5
2444820.5
2444830.5
2444840.5
2444850.5
2444860.5
2444870.5
2444880.5
2444890.5
2444900.5
2444910.5
2444920.5
2444930.5
2444940.5
2444950.5
2444960.5
2444970.5
2444980.5
2444990.5
2445000.5
2445010.5
2445020.5
2445030.5
2445040.5
2445050.5
2445060.5
2445070.5
2445080.5
2445090.5
2445100.5
2445110.5
2445120.5
2445130.5
2445140.5
2445150.5
2445160.5
2445170.5
2445180.5
2445190.5
2445200.5
2445210.5
2445220.5
2445230.5
2445240.5
2445250.5
2445260.5
2445270.5
2445280.5
2445290.5
2445300.5
2445310.5
2445320.5
2445330.5
2445340.5
2445350.5
2445360.5
2445370.5
2445380.5
2445390.5
2445400.5
2445410.5
2445420.5
2445430.5
2445440.5
2445450.5
2445460.5
2445470.5
2445480.5
2445490.5
2445500.5
2445510.5
2445520.5
2445530.5
2445540.5
2445550.5
2445560.5
2445570.5
2445580.5
2445590.5
2445600.5
2445610.5
2445620.5
2445630.5
2445640.5
2445650.5
2445660.5
2445670.5
2445680.5
2445690.5
2445700.5
2445710.5
2445720.5
2445730.5
2445740.5
2445750.5
2445760.5
2445770.5
2445780.5
2445790.5
2445800.5
2445810.5
2445820.5
2445830.5
2445840.5
2445850.5
2445860.5
2445870.5
2445880.5
2445890.5
2445900.5
2445910.5
2445920.5
2445930.5
2445940.5
2445950.5
2445960.5
2445970.5
2445980.5
2445990.5
2446000.5
2446010.5
2446020.5
2446030.5
2446040.5
2446050.5
2446060.5
2446070.5
2446080.5
2446090.5
2446100.5
2446110.5
2446120.5
2446130.5
2446140.5
2446150.5
2446160.5
2446170.5
2446180.5
2446190.5
2446200.5
2446210.5
2446220.5
2446230.5
2446240.5
2446250.5
2446260.5
2446270.5
2446280.5
2446290.5
2446300.5
2446310.5
2446320.5
2446330.5
2446340.5
2446350.5
2446360.5
2446370.5
2446380.5
2446390.5
2446400.5
2446410.5
2446420.5
2446430.5
2446440.5
2446450.5
2446460.5
2446470.5
2446480.5
2446490.5
2446500.5
2446510.5
2446520.5
2446530.5
2446540.5
2446550.5
2446560.5
2446570.5
2446580.5
2446590.5
2446600.5
2446610.5
2446620.5
2446630.5
2446640.5
2446650.5
2446660.5
2446670.5
2446680.5
2446690.5
2446700.5
2446710.5
2446720.5
2446730.5
2446740.5
2446750.5
2446760.5
2446770.5
2446780.5
2446790.5
2446800.5
2446810.5
2446820.5
2446830.5
2446840.5
2446850.5
2446860.5
2446870.5
2446880.5
2446890.5
2446900.5
2446910.5
2446920.5
2446930.5
2446940.5
2446950.5
2446960.5
2446970.5
2446980.5
2446990.5
2447000.5
2447010.5
2447020.5
2447030.5
2447040.5
2447050.5
2447060.5
2447070.5
2447080.5
2447090.5
2447100.5
2447110.5
2447120.5
2447130.5
2447140.5
2447150.5
2447160.5
2447170.5
2447180.5
2447190.5
2447200.5
2447210.5
2447220.5
2447230.5
2447240.5
2447250.5
2447260.5
2447270.5
2447280.5
2447290.5
2447300.5
2447310.5
2447320.5
2447330.5
2447340.5
2447350.5
2447360.5
2447370.5
2447380.5
2447390.5
2447400.5
2447410.5
2447420.5
2447430.5
2447440.5
2447450.5
2447460.5
2447470.5
2447480.5
2447490.5
2447500.5
2447510.5
2447520.5
2447530.5
2447540.5
2447550.5
2447560.5
2447570.5
2447580.5
2447590.5
2447600.5
2447610.5
2447620.5
2447630.5
2447640.5
2447650.5
2447660.5
2447670.5
2447680.5
2447690.5
2447700.5
2447710.5
2447720.5
2447730.5
2447740.5
2447750.5
2447760.5
2447770.5
2447780.5
2447790.5
2447800.5
2447810.5
2447820.5
2447830.5
2447840.5
2447850.5
2447860.5
2447870.5
2447880.5
2447890.5
2447900.5
2447910.5
2447920.5
2447930.5
2447940.5
2447950.5
2447960.5
2447970.5
2447980.5
2447990.5
2448000.5
2448010.5
2448020.5
2448030.5
2448040.5
2448050.5
2448060.5
2448070.5
2448080.5
2448090.5
2448100.5
2448110.5
2448120.5
2448130.5
2448140.5
2448150.5
2448160.5
2448170.5
2448180.5
2448190.5
2448200.5
2448210.5
2448220.5
2448230.5
2448240.5
2448250.5
2448260.5
2448270.5
2448280.5
2448290.5
2448300.5
2448310.5
2448320.5
2448330.5
2448340.5
2448350.5
2448360.5
2448370.5
2448380.5
2448390.5
2448400.5
2448410.5
2448420.5
2448430.5
2448440.5
2448450.5
2448460.5
2448470.5
2448480.5
2448490.5
2448500.5
2448510.5
2448520.5
2448530.5
2448540.5
2448550.5
2448560.5
2448570.5
2448580.5
2448590.5
2448600.5
2448610.5
2448620.5
2448630.5
2448640.5
2448650.5
2448660.5
2448670.5
2448680.5
2448690.5
2448700.5
2448710.5
2448720.5
2448730.5
2448740.5
2448750.5
2448760.5
2448770.5
2448780.5
2448790.5
2448800.5
2448810.5
2448820.5
2448830.5
2448840.5
2448850.5
2448860.5
2448870.5
2448880.5
2448890.5
2448900.5
2448910.5
2448920.5
2448930.5
2448940.5
2448950.5
2448960.5
2448970.5
2448980.5
2448990.5
2449000.5
2449010.5
2449020.5
2449030.5
2449040.5
2449050.5
2449060.5
2449070.5
2449080.5
2449090.5
2449100.5
2449110.5
2449120.5
2449130.5
2449140.5
2449150.5
2449160.5
2449170.5
2449180.5
2449190.5
2449200.5
2449210.5
2449220.5
2449230.5
2449240.5
2449250.5
2449260.5
2449270.5
2449280.5
2449290.5
2449300.5
2449310.5
2449320.5
2449330.5
2449340.5
2449350.5
2449360.5
2449370.5
2449380.5
2449390.5
2449400.5
2449410.5
2449420.5
2449430.5
2449440.5
2449450.5
2449460.5
2449470.5
2449480.5
2449490.5
2449500.5
2449510.5
2449520.5
2449530.5
2449540.5
2449550.5
2449560.5
2449570.5
2449580.5
2449590.5
2449600.5
2449610.5
2449620.5
2449630.5
2449640.5
2449650.5
2449660.5
2449670.5
2449680.5
2449690.5
2449700.5
2449710.5
2449720.5
2449730.5
2449740.5
2449750.5
2449760.5
2449770.5
2449780.5
2449790.5
2449800.5
2449810.5
2449820.5
2449830.5
2449840.5
2449850.5
2449860.5
2449870.5
2449880.5
2449890.5
2449900.5
2449910.5
2449920.5
2449930.5
2449940.5
2449950.5
2449960.5
2449970.5
2449980.5
2449990.5
2450000.5
2450010.5
2450020.5
2450030.5
2450040.5
2450050.5
2450060.5
2450070.5
2450080.5
2450090.5
2450100.5
2450110.5
2450120.5
2450130.5
2450140.5
2450150.5
2450160.5
2450170.5
2450180.5
2450190.5
2450200.5
2450210.5
2450220.5
2450230.5
2450240.5
2450250.5
2450260.5
2450270.5
2450280.5
2450290.5
2450300.5
2450310.5
2450320.5
2450330.5
2450340.5
2450350.5
2450360.5
2450370.5
2450380.5
2450390.5
2450400.5
2450410.5
2450420.5
2450430.5
2450440.5
2450450.5
2450460.5
2450470.5
2450480.5
2450490.5
2450500.5
2450510.5
2450520.5
2450530.5
2450540.5
2450550.5
2450560.5
2450570.5
2450580.5
2450590.5
2450600.5
2450610.5
2450620.5
2450630.5
2450640.5
2450650.5
2450660.5
2450670.5
2450680.5
2450690.5
2450700.5
2450710.5
2450720.5
2450730.5
2450740.5
2450750.5
2450760.5
2450770.5
2450780.5
2450790.5
2450800.5
2450810.5
2450820.5
2450830.5
2450840.5
2450850.5
2450860.5
2450870.5
2450880.5
2450890.5
2450900.5
2450910.5
2450920.5
2450930.5
2450940.5
2450950.5
2450960.5
2450970.5
2450980.5
2450990.5
2451000.5
2451010.5
2451020.5
2451030.5
2451040.5
2451050.5
2451060.5
2451070.5
2451080.5
2451090.5
2451100.5
2451110.5
2451120.5
2451130.5
2451140.5
2451150.5
2451160.5
2451170.5
2451180.5
2451190.5
2451200.5
2451210.5
2451220.5
2451230.5
2451240.5
2451250.5
2451260.5
2451270.5
2451280.5
2451290.5
2451300.5
2451310.5
2451320.5
2451330.5
2451340.5
2451350.5
2451360.5
2451370.5
2451380.5
2451390.5
2451400.5
2451410.5
2451420.5
2451430.5
2451440.5
2451450.5
2451460.5
2451470.5
2451480.5
2451490.5
2451500.5
2451510.5
2451520.5
2451530.5
2451540.5
2451550.5
2451560.5
2451570.5
2451580.5
2451590.5
2451600.5
2451610.5
2451620.5
2451630.5
2451640.5
2451650.5
2451660.5
2451670.5
2451680.5
2451690.5
2451700.5
2451710.5
2451720.5
2451730.5
2451740.5
2451750.5
2451760.5
2451770.5
2451780.5
2451790.5
2451800.5
2451810.5
2451820.5
2451830.5
2451840.5
2451850.5
2451860.5
2451870.5
2451880.5
2451890.5
2451900.5
2451910.5
2451920.5
2451930.5
2451940.5
2451950.5
2451960.5
2451970.5
2451980.5
2451990.5
2452000.5
