-1.529291626107761476e+04
-1.905382913674777956e+04
-2.223141246216350555e+04
-2.472344378256462005e+04
-2.649014424236537525e+04
-2.740621559963824984e+04
-2.748063636022641731e+04
-2.672149383937034509e+04
-2.510581635962554356e+04
-2.275319606639921039e+04
-1.971480340856815383e+04
-1.607317826954669545e+04
-1.201096166625886690e+04
-7.599948134640246280e+03
-2.993773368368060801e+03
1.630569009416211202e+03
6.202214802772527946e+03
1.054381584347557509e+04
1.453837278047404106e+04
1.812535756114881224e+04
2.114702227579344253e+04
2.356780649826730223e+04
2.533892018103386363e+04
2.635786951033920559e+04
2.666279702126390475e+04
2.621977948353246029e+04
2.500885529562313968e+04
2.311990004942332234e+04
2.054450257536155186e+04
1.735826735322141030e+04
1.367978467370194630e+04
9.541694628758474209e+03
5.105095594000814344e+03
4.958698957606681006e+02
-4.202984642773581982e+03
-8.784063999150157542e+03
-1.313987081462307469e+04
-1.714884165667023626e+04
-2.062146190501742967e+04
-2.350050023772918576e+04
-2.566420114537414338e+04
-2.700903826374484197e+04
-2.755299397811771269e+04
-2.722202546340555637e+04
-2.603794228590189960e+04
-2.408982380204648143e+04
-2.137979135798592324e+04
-1.804378177983143178e+04
-1.420389759516741287e+04
-9.933662237472963170e+03
-5.430211012294374996e+03
-8.004827605088444216e+02
3.837124674574138680e+03
8.289487382272289324e+03
1.249349674199292713e+04
1.631633708626148837e+04
1.962155718128553781e+04
2.239032134415428663e+04
2.450208405291962117e+04
2.590700160968849741e+04
2.661558625411289177e+04
2.654445087358542150e+04
2.573633049924139050e+04
2.421883127942179635e+04
2.197059725031502603e+04
1.911226067977866478e+04
1.568700074894020509e+04
1.175504166884692859e+04
7.484916295838783299e+03
2.939171278529139272e+03
-1.739750265912784016e+03
-6.376268787944532960e+03
-1.089172378334971654e+04
-1.509407848360745447e+04
-1.884874137038952540e+04
-2.207999526907164545e+04
-2.461083136016345452e+04
-2.639294221829103117e+04
-2.738155845049269556e+04
-2.748408809089948409e+04
-2.675983047657037969e+04
-2.521197255556776872e+04
-2.286800811279722620e+04
-1.987350738789539901e+04
-1.627385845278689339e+04
-1.220047578238565256e+04
-7.828730735478914539e+03
-3.226820889285973863e+03
1.420404555516582150e+03
5.969067145999735658e+03
1.034399839348466230e+04
1.436222113799373983e+04
1.794944641985878116e+04
2.103081273221850643e+04
2.346903158277027978e+04
2.526516876960368245e+04
2.635162233072421805e+04
2.666688742422139330e+04
2.626958880380957999e+04
2.511379571771974588e+04
2.323067776233244513e+04
2.071141213036189220e+04
1.755242003040575219e+04
1.387728996684682534e+04
9.789724705101836662e+03
5.345830792887016287e+03
7.371265634875044270e+02
-3.934822813769381355e+03
-8.554537970934250552e+03
-1.291396458093514229e+04
-1.693223951773384033e+04
-2.046289696340738737e+04
-2.334997236226926543e+04
-2.555901446168614348e+04
-2.696360361844295767e+04
-2.751910612796164060e+04
-2.725511929264156788e+04
-2.611430791584025792e+04
-2.418026230873909299e+04
-2.153634637176225806e+04
-1.821444818936252705e+04
-1.439031707636412284e+04
-1.016419056180477128e+04
-5.643016587875623372e+03
-1.028560097634546082e+03
3.599574673962320958e+03
8.093183949509109880e+03
1.228676723828220747e+04
1.613646810473010555e+04
1.949070025495395021e+04
2.225923893707722891e+04
2.442639863808570590e+04
2.587172203843322495e+04
2.659389642281748820e+04
2.659180814623938204e+04
2.580530107809076799e+04
2.431484939488348755e+04
2.213024590214286582e+04
1.927327840178468250e+04
1.588308339322017309e+04
1.199005120375558727e+04
7.705356597133147261e+03
3.192695466501332703e+03
-1.485714104958284452e+03
-6.146890901089636827e+03
-1.064328734763530156e+04
-1.488567668376109214e+04
-1.866926532912730909e+04
-2.190499929619130126e+04
-2.450416092126078365e+04
-2.631255303497170826e+04
-2.733121359547190877e+04
-2.750760353246983868e+04
-2.679957361487333401e+04
-2.530001095323886329e+04
-2.301146226716736783e+04
-2.001896064026555541e+04
-1.647129909750280422e+04
-1.241878079121851079e+04
-8.036907732368032157e+03
-3.473948246602419204e+03
1.190777806152828134e+03
5.754499343760555348e+03
1.011633591241319664e+04
1.418267810450128491e+04
1.778248100244742454e+04
2.088138120590953258e+04
2.338263371229145923e+04
2.518625359181959357e+04
2.631683700321667857e+04
2.669109040559553250e+04
2.629913404116273159e+04
2.520288708952346497e+04
2.335781001090119389e+04
2.084614802041161238e+04
1.774639430942845502e+04
1.407849390055507502e+04
1.000179283241382655e+04
5.599377747341060967e+03
9.669446382490160659e+02
-3.694913565140515402e+03
-8.306106101503486570e+03
-1.271167540829109930e+04
-1.672713581496476763e+04
-2.028907263231774414e+04
-2.323042255376337926e+04
-2.544774562171016805e+04
-2.691607597178258220e+04
-2.751748657139865463e+04
-2.727159772079319373e+04
-2.620592114835319444e+04
-2.429560022840300735e+04
-2.167533202734660154e+04
-1.841408506247742480e+04
-1.458585138367769468e+04
-1.038465316074750626e+04
-5.890625360489559171e+03
-1.248769116909994182e+03
3.357814101242967354e+03
7.863899536054515011e+03
1.209653014721434010e+04
1.593490775126977678e+04
1.933522215244459221e+04
2.214088152421492487e+04
2.431428857265454644e+04
2.582520484341452902e+04
2.657213330811637206e+04
2.659693461853091139e+04
2.587760859037753107e+04
2.439540777663074914e+04
2.225352594518334809e+04
1.944686984721591944e+04
1.605081194212865012e+04
1.220415085363227809e+04
7.937521225594566204e+03
3.410566826666084125e+03
-1.233457973253447335e+03
-5.916266842199553139e+03
-1.043055833120321404e+04
-1.466396278234166857e+04
-1.850390019428365122e+04
-2.175824486306725157e+04
-2.437945197529118377e+04
-2.626073228593472959e+04
-2.729583650778492665e+04
-2.752011017899121362e+04
-2.687624807360548584e+04
-2.538728083994307599e+04
-2.315812362669430513e+04
-2.019995445975436814e+04
-1.665510061438291814e+04
-1.265548458897186174e+04
-8.269948029436060096e+03
-3.704256406120030078e+03
9.302422989068015795e+02
5.530066392454018569e+03
9.895627460668843923e+03
1.396459748191438666e+04
1.761895537832873379e+04
2.072029883953515309e+04
2.325782140754468492e+04
2.511805901625289698e+04
2.625227981278612788e+04
2.668682531207519060e+04
2.633853526952066750e+04
2.525212636620357080e+04
2.347396557831606697e+04
2.098208068902894593e+04
1.790084265677824806e+04
1.428657877269734490e+04
1.020139341446910657e+04
5.822033059097362639e+03
1.212997306048619976e+03
-3.481765079041191711e+03
-8.074838736546087603e+03
-1.249633263958819043e+04
-1.655764016434229779e+04
-2.011571803223406096e+04
-2.310986965749000228e+04
-2.537105927063040144e+04
-2.685375502129019515e+04
-2.752964617996321613e+04
-2.731271880931858323e+04
-2.627626483761632699e+04
-2.443804484024105113e+04
-2.182514295882934675e+04
-1.859969872483216386e+04
-1.481696048578300361e+04
-1.060261868321752627e+04
-6.141667183328587271e+03
-1.504473385186347741e+03
3.128185093716766914e+03
7.612423719162955422e+03
1.188038551280172942e+04
1.574752887385140457e+04
1.914488801417790091e+04
2.201248122839868665e+04
2.420862744060245677e+04
2.574066074384036619e+04
2.655685726353212158e+04
2.659382411515522836e+04
2.591816779715558368e+04
2.449337049673776710e+04
2.235332439931968838e+04
1.960185008704639040e+04
1.623633459317444976e+04
1.238483043273881412e+04
8.166931852509856071e+03
3.635279637676878792e+03
-1.016001302292000787e+03
-5.674356646231285595e+03
-1.022796820241343084e+04
-1.446893612090305396e+04
-1.831898962744513847e+04
-2.163597526724172712e+04
-2.426561636674249894e+04
-2.619010467742724359e+04
-2.729087638181217335e+04
-2.752542844601323304e+04
-2.694515290060636107e+04
-2.550263475516285325e+04
-2.328490797489361285e+04
-2.039123254344034285e+04
-1.685874334436203935e+04
-1.286952319354100291e+04
-8.529591173163582425e+03
-3.941416238391530442e+03
6.854030478380805107e+02
5.272425600968720573e+03
9.683361468387751302e+03
1.374815211928246390e+04
1.742698743340431247e+04
2.057948163034779282e+04
2.311783627214039734e+04
2.503341574265473901e+04
2.620966447517752749e+04
2.665351795112338368e+04
2.637551230713856057e+04
2.531301207279902883e+04
2.355592917422067694e+04
2.112842089053329983e+04
1.804963409365159168e+04
1.446674841315148296e+04
1.042051455175419869e+04
6.023444118284362958e+03
1.446803232984308579e+03
-3.246986746503676386e+03
-7.872380889791427762e+03
-1.227467049667258834e+04
-1.637460663590905824e+04
-1.997002172089177839e+04
-2.296905609159742744e+04
-2.529757053312532662e+04
-2.681088495782528480e+04
-2.751641298626656862e+04
-2.737429234831438225e+04
-2.635259607126663468e+04
-2.455930121099827738e+04
-2.200405620121327956e+04
-1.877563673048690180e+04
-1.503905158157638471e+04
-1.084647694509762732e+04
-6.370316170852740470e+03
-1.767507043001726288e+03
2.885035062587235188e+03
7.388225017312340242e+03
1.164279768871781380e+04
1.556262507141528295e+04
1.897598686015007479e+04
2.185612098391255131e+04
2.411893955791094413e+04
2.566150542878942360e+04
2.651606372448842740e+04
2.661326697915912519e+04
2.594388965095628009e+04
2.457612085679502707e+04
2.247439260456222109e+04
1.972772776112277643e+04
1.642236651174115104e+04
1.257893499760979466e+04
8.366204109807404166e+03
3.876988657552078621e+03
-7.978063622199447309e+02
-5.451590263510228397e+03
-9.998020295592910770e+03
-1.428791390719989249e+04
-1.813711578215394911e+04
-2.148713899929026957e+04
-2.417692988440404224e+04
-2.610740340243127139e+04
-2.727079181820956001e+04
-2.755720820733274377e+04
-2.699064524860549864e+04
-2.561913897136329615e+04
-2.342757759881006859e+04
-2.055339189377319053e+04
-1.707807875432352012e+04
-1.308248938625996561e+04
-8.763744272455460305e+03
-4.202594966997985466e+03
4.568009865977426216e+02
5.026523104666295694e+03
9.448079844708056044e+03
1.355666053846240357e+04
1.722793597357655744e+04
2.042618925095258601e+04
2.300414321905777251e+04
2.492643758573349260e+04
2.617116414093732237e+04
2.664080248355433287e+04
2.638553303583008164e+04
2.539435354152140644e+04
2.364662695451425316e+04
2.125536140005509878e+04
1.822901435838484758e+04
1.464074323976614687e+04
1.063592742211240147e+04
6.256066004837432047e+03
1.662607155463559138e+03
-2.998407909093661146e+03
-7.647389079525268244e+03
-1.207356926605362605e+04
-1.616406148499739174e+04
-1.981670657318412123e+04
-2.284039058980248592e+04
-2.519035956746418742e+04
-2.677635841811057253e+04
-2.749979111261082653e+04
-2.740488627013691439e+04
-2.644794972670538118e+04
-2.466084420149984726e+04
-2.216293162614730318e+04
-1.897121427811987087e+04
-1.523033741346285024e+04
-1.108681364061900604e+04
-6.609202077182535504e+03
-1.997785094829455375e+03
2.628430138870198334e+03
7.168654241561351228e+03
1.143060138068177366e+04
1.535431674337160803e+04
1.882672249151538563e+04
2.171215692447321271e+04
2.400914080292262952e+04
2.561311507727071512e+04
2.647372696349941907e+04
2.662792928417380972e+04
2.600372886011764786e+04
2.464588948162270026e+04
2.260974133232775421e+04
1.988103347048625074e+04
1.659013479653362447e+04
1.280195465521976621e+04
8.578454421628939599e+03
4.105423611775844620e+03
-5.433417343955090928e+02
-5.231057092214833574e+03
-9.765309739268890553e+03
-1.407023752990651519e+04
-1.796681039643552140e+04
-2.131521664068539030e+04
-2.405877889327101366e+04
-2.603705044836490197e+04
-2.721316581114291694e+04
-2.757425544745324078e+04
-2.704139392332178613e+04
-2.569560008157285483e+04
-2.357367990446833937e+04
-2.070831036344480162e+04
-1.726556897163853137e+04
-1.331213836497404372e+04
-8.976151859370234888e+03
-4.445517037517212884e+03
2.102559445929630328e+02
4.813885637972735822e+03
9.216286264228994696e+03
1.335852788135253286e+04
1.706579438383147863e+04
2.026347934416649878e+04
2.290175005272841008e+04
2.485024165624034868e+04
2.611592744354631941e+04
2.665557633965040804e+04
2.641256907067839711e+04
2.546093168063422127e+04
2.377296455749541565e+04
2.138269713813022099e+04
1.840537723327990898e+04
1.484873130042439516e+04
1.083836105038602363e+04
6.503204325488288305e+03
1.903409329705193159e+03
-2.766867508911384903e+03
-7.390906417667705682e+03
-1.185943919359045321e+04
-1.596233314796231207e+04
-1.962162266393588288e+04
-2.271031415512020249e+04
-2.507470003648766942e+04
-2.670066098128922386e+04
-2.749101074193341265e+04
-2.740918394934808384e+04
-2.651392215373222280e+04
-2.477419104196030094e+04
-2.228450616605544201e+04
-1.915504912707663971e+04
-1.542790416403341806e+04
-1.128775316272940472e+04
-6.852073688192193913e+03
-2.219185688574298638e+03
2.405162539310530974e+03
6.936225094495148369e+03
1.124492697663293256e+04
1.516630015037401608e+04
1.866396087119168442e+04
2.160508177287474246e+04
2.390220311712118564e+04
2.555864518529257111e+04
2.646710691215781117e+04
2.662984756717760683e+04
2.607198447749711340e+04
2.474184023357504338e+04
2.272563239065696689e+04
2.005962563392953962e+04
1.677114684614263751e+04
1.301052428054354641e+04
8.827190295721416987e+03
4.333907008819607654e+03
-2.892517584736551726e+02
-4.974225898929845243e+03
-9.543403211460437888e+03
-1.383535271615286729e+04
-1.777070553585241942e+04
-2.115835290342472945e+04
-2.390822116131291114e+04
-2.595587802686284704e+04
-2.716489012582215219e+04
-2.755148675590023049e+04
-2.709512296417697144e+04
-2.576689773273643368e+04
-2.368321283899522314e+04
-2.087521780403477533e+04
-1.743054173519699907e+04
-1.351791067414319514e+04
-9.202642299313780313e+03
-4.653678074297554303e+03
-2.978146791842664598e+01
4.593064687761206187e+03
9.021003943460853407e+03
1.315085608106121254e+04
1.690819202412099185e+04
2.012835807452801964e+04
2.278021900785943581e+04
2.479375712256514453e+04
2.607292306055443260e+04
2.665127612668817892e+04
2.647037996468718120e+04
2.552367654542575838e+04
2.389029130741991321e+04
2.154258559099349441e+04
1.856632794638057749e+04
1.506468108556619882e+04
1.106518925862373180e+04
6.730691456514682613e+03
2.168724437704179309e+03
-2.526164967874963622e+03
-7.150753796035486630e+03
-1.161255735184569494e+04
-1.576793612239728463e+04
-1.943207344953560823e+04
-2.254995124057937937e+04
-2.497714516006930717e+04
-2.661385816622741913e+04
-2.746216354900320221e+04
-2.743265707059238412e+04
-2.655241086389101838e+04
-2.488194441949922111e+04
-2.241841240750189172e+04
-1.930487897402320232e+04
-1.563610845221661111e+04
-1.149038999689942466e+04
-7.068816922274554599e+03
-2.464245696606614274e+03
2.192336105632010003e+03
6.712871404114785037e+03
1.103225278862202504e+04
1.500003271451278670e+04
1.849329836190514106e+04
2.147993045352756963e+04
2.382270980754711854e+04
2.548521539955352637e+04
2.645951826269740195e+04
2.665459694518125980e+04
2.611705911050970462e+04
2.485397899370533560e+04
2.284988057356697755e+04
2.021714894830214325e+04
1.697844562233479519e+04
1.320950229547331946e+04
9.063521399382985692e+03
4.588309375617931437e+03
-5.832006287694959212e+01
-4.715637905885886539e+03
-9.305637157763281721e+03
-1.362804582111350646e+04
-1.755769052304330035e+04
-2.100113984192012504e+04
-2.378001932424607367e+04
-2.584828294645817368e+04
-2.713133536517785979e+04
-2.753863276108530044e+04
-2.712368421764519007e+04
-2.586292004796223046e+04
-2.378778704313275739e+04
-2.102971165479239062e+04
-1.762310889260971453e+04
-1.370683648836151224e+04
-9.435651722402477390e+03
-4.884466225570989991e+03
-2.485557646187424723e+02
4.348646859011553715e+03
8.814907589278689557e+03
1.295931035286999577e+04
1.671814164746729148e+04
1.999768867413252519e+04
2.266157438939184794e+04
2.470597933995920175e+04
2.604683806843085040e+04
2.663307285407610107e+04
2.650593742884933090e+04
2.560687174451330429e+04
2.397964044990142793e+04
2.169371100327640306e+04
1.873990049608519985e+04
1.524629433932377469e+04
1.129752987051805940e+04
6.955454266289494626e+03
2.403933993097614803e+03
-2.268464905999262555e+03
-6.928549409723936151e+03
-1.138240282449266124e+04
-1.555306370906830671e+04
-1.927076195492723491e+04
-2.239029608632474628e+04
-2.486804376981854148e+04
-2.655950042729873894e+04
-2.742205879976401047e+04
-2.746316624578766641e+04
-2.662027837571758937e+04
-2.497298908298064271e+04
-2.257740783619951253e+04
-1.947260254446332328e+04
-1.582915535824809558e+04
-1.172732389247274659e+04
-7.287172661545884694e+03
-2.703980751730643988e+03
1.945822035460490042e+03
6.501334360823640054e+03
1.080789134670271596e+04
1.480743960727018566e+04
1.833865390556499551e+04
2.132522482689977551e+04
2.372806224112269774e+04
2.542093589307510410e+04
2.641161774550861810e+04
2.667662762613776067e+04
2.615613165637724887e+04
2.492636691575989244e+04
2.298173137901233349e+04
2.035143911397651391e+04
1.715682532426473699e+04
1.342039743556967005e+04
9.264377038743241428e+03
4.830280300199829071e+03
1.800311269544057495e+02
-4.495649066202574431e+03
-9.064175815299333408e+03
-1.342603813564430129e+04
-1.737705848127508943e+04
-2.082972656334935164e+04
-2.367311670539820625e+04
-2.576039535157522914e+04
-2.708249960664339596e+04
-2.755936127406159721e+04
-2.715697511340884739e+04
-2.595250788133635069e+04
-2.392880707282514413e+04
-2.117559828087442656e+04
-1.782477179299245108e+04
-1.392515830081066269e+04
-9.653133112164770864e+03
-5.141268883518956500e+03
-4.841587571729421597e+02
4.116563924467671313e+03
8.570658193233346537e+03
1.276365583743122443e+04
1.652713809886726449e+04
1.982612591782895470e+04
2.254823482184137538e+04
2.459914105857116738e+04
2.598808531525518265e+04
2.662481952688440288e+04
2.650785646579434251e+04
2.567386920561380975e+04
2.407711242650236818e+04
2.180622259758935616e+04
1.891533211338780893e+04
1.542637214473194581e+04
1.149634817712015320e+04
7.194071868565259138e+03
2.621701704251773663e+03
-2.032928165413668921e+03
-6.690825881979217229e+03
-1.118481606262741843e+04
-1.534612807059993247e+04
-1.910117411142628771e+04
-2.226854359908198967e+04
-2.475220449142781945e+04
-2.650893193488080942e+04
-2.741228833062923150e+04
-2.747621091384053580e+04
-2.670563025004735755e+04
-2.507929531312499239e+04
-2.271789819895568871e+04
-1.966976681420645400e+04
-1.602233459098135972e+04
-1.195594409866042952e+04
-7.539843958643192309e+03
-2.933136095854328687e+03
1.690232684740200966e+03
6.260757280904313120e+03
1.059827108638787649e+04
1.458803370533605812e+04
1.816811367807483111e+04
2.118199151003965744e+04
2.359589186851332124e+04
2.535647229040746970e+04
2.636529908805500600e+04
2.666211755494171302e+04
2.620766101199366676e+04
2.498641451591091027e+04
2.308872237290444173e+04
2.050328779945528368e+04
1.730938852980566298e+04
1.362314059179341348e+04
9.478370507455894767e+03
5.039015521861922025e+03
4.258311677978886678e+02
-4.274491526969847655e+03
-8.852684840605654244e+03
-1.320613549595205404e+04
-1.721009833153371801e+04
-2.067501915681186074e+04
-2.354547140625573229e+04
-2.569823433157887848e+04
-2.703282211218242082e+04
-2.756515986720697765e+04
-2.722074835974375674e+04
-2.602700299040700338e+04
-2.406866914739596541e+04
-2.134781239322865076e+04
-1.800550930418714779e+04
-1.415960175028040794e+04
-9.884901893462973021e+03
-5.380022029727293557e+03
-7.488694764771167911e+02
3.886329952805652283e+03
8.335205717594035377e+03
1.253656983128969296e+04
1.635211319996643033e+04
1.964995992157534056e+04
2.241221618115940510e+04
2.451427644730959219e+04
2.590974512641923866e+04
2.660846910162228960e+04
2.652697344133704610e+04
2.570962355034786015e+04
2.418073882724629948e+04
2.192302060013830123e+04
1.905760811914701480e+04
1.562274007761215216e+04
1.168427871750667873e+04
7.410286788392189919e+03
2.859910807716817544e+03
-1.820101714494218186e+03
-6.456548996836148035e+03
-1.097023890508675868e+04
-1.516703197673541581e+04
-1.891716398954266333e+04
-2.214092209408731287e+04
-2.466074465609690014e+04
-2.643410946561257515e+04
-2.741174219427785283e+04
-2.750167128413911269e+04
-2.676667940605264084e+04
-2.520756404826262951e+04
-2.285396657199934998e+04
-1.985052440299685622e+04
-1.624236094809361748e+04
-1.216507537331182357e+04
-7.789232338703107416e+03
-3.183900168906173349e+03
1.461474313099904521e+03
6.008687186524372919e+03
1.038069224822565411e+04
1.439276398655621779e+04
1.797421223079872652e+04
2.104680531605076249e+04
2.347599510652452227e+04
2.526399666447130585e+04
2.633833476575730674e+04
2.664316540355666802e+04
2.623699928469466249e+04
2.506935479593056880e+04
2.317654911975202413e+04
2.064882648775705820e+04
1.748131875090708127e+04
1.379986916778576233e+04
9.705799562575479285e+03
5.258394387022037336e+03
6.487891723741648775e+02
-4.025497929828475208e+03
-8.643064866330494624e+03
-1.299782021492083186e+04
-1.701254448613220666e+04
-2.053558040665408043e+04
-2.341423510044534851e+04
-2.561420481226165793e+04
-2.700711378522278028e+04
-2.755294230761586005e+04
-2.727726750481923227e+04
-2.612359152101107975e+04
-2.418089793750008903e+04
-2.152676855105027789e+04
-1.819490304141033266e+04
-1.436512127988790598e+04
-1.013343475899780606e+04
-5.608904743754676019e+03
-9.933496711296581907e+02
3.634644521484074630e+03
8.124003586893257307e+03
1.231370735005365896e+04
1.615840875694426904e+04
1.950304904295300003e+04
2.226389596553412048e+04
2.442251550918517751e+04
2.585662684747853200e+04
2.656958156205204796e+04
2.655669735050999952e+04
2.576014613942163851e+04
2.426128547863745916e+04
2.206575259548272879e+04
1.920133554482295585e+04
1.580548512401217158e+04
1.190450359431069774e+04
7.616002588382454633e+03
3.101415922106601556e+03
-1.579144847903935442e+03
-6.239197257237721715e+03
-1.073364797874386932e+04
-1.497140766454388176e+04
-1.874826427420055916e+04
-2.197826866086660812e+04
-2.456737932866847405e+04
-2.636470171012815626e+04
-2.737434974603356022e+04
-2.753819756758991207e+04
-2.681834514168689566e+04
-2.530835677133083300e+04
-2.300825295758529319e+04
-2.000746459449661415e+04
-1.645119136954559872e+04
-1.239120542080023733e+04
-8.007128994940314442e+03
-3.440640803972536560e+03
1.225634152646308848e+03
5.785773726919964247e+03
1.014498262977129889e+04
1.420662686736177784e+04
1.779924295513260950e+04
2.089092602621641345e+04
2.338240414790853174e+04
2.517741546299436959e+04
2.629883021017509964e+04
2.666098865504776768e+04
2.626040574241803915e+04
2.515507316394115696e+04
2.329918273135727577e+04
2.078025303950989837e+04
1.767275651439664944e+04
1.399837072122322024e+04
9.917608144259240362e+03
5.510050187042600555e+03
8.769154621587972542e+02
-3.784075651917327832e+03
-8.395832637095627433e+03
-1.279639332599710724e+04
-1.680555808583887847e+04
-2.036192692459509271e+04
-2.329374074025851587e+04
-2.550123520388553516e+04
-2.695876481962496473e+04
-2.754832226464863561e+04
-2.729243184854567153e+04
-2.621430507901903547e+04
-2.429302287566321320e+04
-2.166515909655576615e+04
-1.839398318954675779e+04
-1.455858739254594911e+04
-1.035308428389549044e+04
-5.854329590471652409e+03
-1.211349450762073957e+03
3.395853269092326173e+03
7.900836422608174871e+03
1.212799021039867330e+04
1.596285737581774265e+04
1.935714817969027354e+04
2.215266815930475059e+04
2.431867099429922746e+04
2.582028632037206262e+04
2.655595937093385510e+04
2.657124449303424990e+04
2.584113479387649204e+04
2.434972914703801507e+04
2.219900233505998403e+04
1.938237591488975158e+04
1.598086886012307514e+04
1.212856083819029482e+04
7.855971450556143282e+03
3.328054928177086822e+03
-1.316891084163228243e+03
-5.998811639911353268e+03
-1.050909084324742798e+04
-1.473861687448928933e+04
-1.857045991838559712e+04
-2.181612459521744677e+04
-2.442986064741524024e+04
-2.629863435860048776e+04
-2.732237296684494504e+04
-2.753725406161464707e+04
-2.688068953059143678e+04
-2.538097903766642776e+04
-2.314230017062880142e+04
-2.017450729810516350e+04
-1.662278255105060089e+04
-1.261561616928351759e+04
-8.225230454223097695e+03
-3.658144103595409888e+03
9.795950807513291920e+02
5.578727523697850302e+03
9.940751503724268332e+03
1.400706924684204932e+04
1.765515520952660881e+04
2.074973416755618018e+04
2.327926323451683493e+04
2.512866032907364934e+04
2.625458690805453443e+04
2.667849840392195256e+04
2.631756900411753304e+04
2.522293898319433356e+04
2.343486019979301636e+04
2.093263954302393176e+04
1.784493671274289591e+04
1.422389835203973962e+04
1.013413997701232256e+04
5.751917643077849789e+03
1.140392749709645159e+03
-3.552147117058967979e+03
-8.143200205015643405e+03
-1.256210816670532768e+04
-1.661563746539074782e+04
-2.016690438107609225e+04
-2.315295816357326112e+04
-2.540330380209456416e+04
-2.687621369931792651e+04
-2.753979879544652795e+04
-2.731158131282393515e+04
-2.626540992123062460e+04
-2.441418543635603055e+04
-2.179193385873133957e+04
-1.855953379516103814e+04
-1.476732060051399640e+04
-1.054773171776188246e+04
-6.083616092208949340e+03
-1.443246087103819946e+03
3.189072352395345206e+03
7.672737971067820581e+03
1.193732187127916404e+04
1.579838342019379343e+04
1.919141759737073517e+04
2.205063307338185041e+04
2.423673145375249078e+04
2.576083004811245337e+04
2.656593641317194488e+04
2.659232755062840806e+04
2.590663458609870213e+04
2.447072218794926084e+04
2.232293817548795050e+04
1.956242744678454983e+04
1.618830956911078647e+04
1.233359282667799744e+04
8.110740377502735100e+03
3.575351668945273559e+03
-1.074631303539747705e+03
-5.732474987396310098e+03
-1.028320837761291295e+04
-1.451894867626633459e+04
-1.836341151088726474e+04
-2.167099407761618204e+04
-2.429206537977148764e+04
-2.620740378111008977e+04
-2.729503780209142496e+04
-2.751916860263549461e+04
-2.692827234576532283e+04
-2.547339758387539405e+04
-2.324625181433084072e+04
-2.034279405664255319e+04
-1.680267416017116557e+04
-1.280816210700539887e+04
-8.461599909035734527e+03
-3.871804922639702909e+03
