-1.529291620745765613e+04
-1.905382907543929832e+04
-2.223141239746009160e+04
-2.472344371792777383e+04
-2.649014417643046545e+04
-2.740621553813006540e+04
-2.748063630391048355e+04
-2.672149378818009427e+04
-2.510581631862008726e+04
-2.275319603341511538e+04
-1.971480338493676390e+04
-1.607317825823025487e+04
-1.201096166319677104e+04
-7.599948142295485923e+03
-2.993773386873769596e+03
1.630568983987503316e+03
6.202214767358725112e+03
1.054381580100563951e+04
1.453837273321125940e+04
1.812535750669676054e+04
2.114702221901153825e+04
2.356780643942181268e+04
2.533892011932597961e+04
2.635786945142714467e+04
2.666279696361662354e+04
2.621977942894727312e+04
2.500885524836035620e+04
2.311990000735278954e+04
2.054450254221103751e+04
1.735826733085480009e+04
1.367978465972281447e+04
9.541694627693397706e+03
5.105095604185610682e+03
4.958699155977228656e+02
-4.202984609989188357e+03
-8.784063957778582335e+03
-1.313987076532999163e+04
-1.714884159878997161e+04
-2.062146184424148669e+04
-2.350050017335861048e+04
-2.566420107963893679e+04
-2.700903820180397088e+04
-2.755299391797415956e+04
-2.722202540918649174e+04
-2.603794224036986998e+04
-2.408982376280505923e+04
-2.137979132956168905e+04
-1.804378176169184371e+04
-1.420389758564829026e+04
-9.933662240235506033e+03
-5.430211023976935394e+03
-8.004827811447066779e+02
3.837124643154374098e+03
8.289487344994600790e+03
1.249349669699343394e+04
1.631633703433899427e+04
1.962155712690005748e+04
2.239032128477625884e+04
2.450208399194397862e+04
2.590700154991106683e+04
2.661558619353665199e+04
2.654445081733605548e+04
2.573633044771830464e+04
2.421883123209244877e+04
2.197059721277106655e+04
1.911226065008964724e+04
1.568700072823777555e+04
1.175504166085885299e+04
7.484916297436398963e+03
2.939171291842598748e+03
-1.739750240450792489e+03
-6.376268754161629658e+03
-1.089172373871634227e+04
-1.509407843145197694e+04
-1.884874131384060456e+04
-2.207999520633196516e+04
-2.461083129695780735e+04
-2.639294215601732503e+04
-2.738155838885137928e+04
-2.748408803574847479e+04
-2.675983042691117589e+04
-2.521197251276499446e+04
-2.286800808084492382e+04
-1.987350736369818696e+04
-1.627385843914059660e+04
-1.220047578042191708e+04
-7.828730741436687822e+03
-3.226820906526903855e+03
1.420404528823095688e+03
5.969067112582952177e+03
1.034399835034905300e+04
1.436222108946618027e+04
1.794944636660494507e+04
2.103081267297361046e+04
2.346903152299284557e+04
2.526516870769609523e+04
2.635162226815095710e+04
2.666688736577530653e+04
2.626958874722737892e+04
2.511379566652949143e+04
2.323067771932997130e+04
2.071141209335047461e+04
1.755242000417823874e+04
1.387728995113694145e+04
9.789724698644809905e+03
5.345830800009716768e+03
7.371265807950019280e+02
-3.934822786576640283e+03
-8.554537931759396088e+03
-1.291396453510355786e+04
-1.693223946457985221e+04
-2.046289690402935594e+04
-2.334997230202586070e+04
-2.555901439907959866e+04
-2.696360355736746351e+04
-2.751910607191197414e+04
-2.725511923958743137e+04
-2.611430787100718226e+04
-2.418026227252648096e+04
-2.153634634257249854e+04
-1.821444817192189657e+04
-1.439031706814306017e+04
-1.016419056273671231e+04
-5.643016600689828920e+03
-1.028560118070706494e+03
3.599574644140171586e+03
8.093183910234403811e+03
1.228676719408152167e+04
1.613646805280761146e+04
1.949070019783920725e+04
2.225923887823173573e+04
2.442639857497990670e+04
2.587172197579339627e+04
2.659389636184184565e+04
2.659180808606254504e+04
2.580530102417125454e+04
2.431484934608965705e+04
2.213024585967293024e+04
1.927327837023178290e+04
1.588308336978848456e+04
1.199005119124093653e+04
7.705356597266281824e+03
3.192695475820754382e+03
-1.485714083157494542e+03
-6.146890868638079155e+03
-1.064328730752850606e+04
-1.488567663356935009e+04
-1.866926527394301957e+04
-2.190499923754551492e+04
-2.450416085842125540e+04
-2.631255297432890075e+04
-2.733121353655985149e+04
-2.750760347638689200e+04
-2.679957356684502884e+04
-2.530001091093534342e+04
-2.301146223338446362e+04
-2.001896061726655535e+04
-1.647129908202590741e+04
-1.241878078715790616e+04
-8.036907738658641392e+03
-3.473948260581551494e+03
1.190777780857255038e+03
5.754499310743175556e+03
1.011633587247281866e+04
1.418267805577402214e+04
1.778248095005896175e+04
2.088138114859509005e+04
2.338263365065013932e+04
2.518625353104365058e+04
2.631683694077655309e+04
2.669109034468645405e+04
2.629913398537933608e+04
2.520288703653589619e+04
2.335780996550229975e+04
2.084614798359989800e+04
1.774639427987257659e+04
1.407849388324757820e+04
1.000179282509142467e+04
5.599377750403156824e+03
9.669446546245712852e+02
-3.694913539778375252e+03
-8.306106065856698478e+03
-1.271167536232637940e+04
-1.672713576404078412e+04
-2.028907257453732745e+04
-2.323042249242161415e+04
-2.544774556083437710e+04
-2.691607590964200790e+04
-2.751748651338525451e+04
-2.727159766820502773e+04
-2.620592109995877036e+04
-2.429560018992711048e+04
-2.167533199699191391e+04
-1.841408504024394642e+04
-1.458585137355946426e+04
-1.038465315898347399e+04
-5.890625368644053196e+03
-1.248769136114659659e+03
3.357814075215153935e+03
7.863899500307876224e+03
1.209653010381246168e+04
1.593490770347445687e+04
1.933522209719373495e+04
2.214088146603510540e+04
2.431428851287711586e+04
2.582520478070813624e+04
2.657213324793953507e+04
2.659693456015139236e+04
2.587760853472727104e+04
2.439540772870229193e+04
2.225352590258028067e+04
1.944686981313346405e+04
1.605081191936263531e+04
1.220415083885433705e+04
7.937521223131575425e+03
3.410566836118640367e+03
-1.233457954847589463e+03
-5.916266811378894090e+03
-1.043055829179537432e+04
-1.466396273577784450e+04
-1.850390013916592943e+04
-2.175824480538668649e+04
-2.437945191464837626e+04
-2.626073222336146864e+04
-2.729583644920570441e+04
-2.752011012237572504e+04
-2.687624802204911248e+04
-2.538728079694060216e+04
-2.315812358951647184e+04
-2.019995443272804550e+04
-1.665510059744153841e+04
-1.265548457985214191e+04
-8.269948032498155953e+03
-3.704256418135427339e+03
9.302422787369102934e+02
5.530066361167388095e+03
9.895627423124886263e+03
1.396459743718116260e+04
1.761895532613997057e+04
2.072029878481683409e+04
2.325782134790038617e+04
2.511805895461157706e+04
2.625227975267585862e+04
2.668682525083327710e+04
2.633853521253906001e+04
2.525212631441421036e+04
2.347396553065388071e+04
2.098208065088588410e+04
1.790084262695609868e+04
1.428657875152894485e+04
1.020139340614819412e+04
5.822033060029304579e+03
1.212997318297002721e+03
-3.481765054344724376e+03
-8.074838704260947452e+03
-1.249633259688526960e+04
-1.655764011368458159e+04
-2.011571797791514473e+04
-2.310986959724659755e+04
-2.537105920958818751e+04
-2.685375496151276093e+04
-2.752964612041876535e+04
-2.731271875606474350e+04
-2.627626478968787342e+04
-2.443804479813723447e+04
-2.182514292747615036e+04
-1.859969870093450299e+04
-1.481696047130461557e+04
-1.060261868035513180e+04
-6.141667188054865619e+03
-1.504473400663244547e+03
3.128185068754029999e+03
7.612423687809758121e+03
1.188038547159657173e+04
1.574752882712116116e+04
1.914488796305421783e+04
2.201248117061827361e+04
2.420862738202323453e+04
2.574066068366352920e+04
2.655685720189080530e+04
2.659382405764108262e+04
2.591816774150532365e+04
2.449337044601348316e+04
2.235332435684975280e+04
1.960185005030124012e+04
1.623633456694693450e+04
1.238483041756147031e+04
8.166931845986260669e+03
3.635279644400176039e+03
-1.016001285051070681e+03
-5.674356619637649601e+03
-1.022796816400409989e+04
-1.446893607600341238e+04
-1.831898957542279459e+04
-2.163597520882892059e+04
-2.426561630786372552e+04
-2.619010461601891075e+04
-2.729087632126921744e+04
-2.752542839066252418e+04
-2.694515284775192777e+04
-2.550263470959753977e+04
-2.328490793774906342e+04
-2.039123251265296858e+04
-1.685874332472468450e+04
-1.286952318279038445e+04
-8.529591170800444161e+03
-3.941416247977221246e+03
6.854030308634195308e+02
5.272425575207175825e+03
9.683361432707679342e+03
1.374815207860984447e+04
1.742698738520958796e+04
2.057948157642828301e+04
2.311783621635700183e+04
2.503341568214506697e+04
2.620966441473441955e+04
2.665351789234446187e+04
2.637551224842620650e+04
2.531301202027743420e+04
2.355592912702446120e+04
2.112842084906187301e+04
1.804963406329690406e+04
1.446674839091800459e+04
1.042051454003835352e+04
6.023444119482574024e+03
1.446803243102537863e+03
-3.246986724037213662e+03
-7.872380856574346581e+03
-1.227467045646593942e+04
-1.637460658581716598e+04
-1.997002166564092113e+04
-2.296905603348417571e+04
-2.529757047078505275e+04
-2.681088489741546073e+04
-2.751641292752093068e+04
-2.737429229193188075e+04
-2.635259602263922352e+04
-2.455930116736341370e+04
-2.200405616516708687e+04
-1.877563670502491004e+04
-1.503905156283769065e+04
-1.084647693690984852e+04
-6.370316172949610518e+03
-1.767507052321147967e+03
2.885035042217642058e+03
7.388224989220940188e+03
1.164279765383654922e+04
1.556262502734773261e+04
1.897598681215505349e+04
2.185612093092498253e+04
2.411893949993082788e+04
2.566150537127527787e+04
2.651606366537666690e+04
2.661326692084617389e+04
2.594388959763587263e+04
2.457612080593761129e+04
2.247439256109377311e+04
1.972772772630807958e+04
1.642236648378288373e+04
1.257893498196647852e+04
8.366204104415453912e+03
3.876988662012087843e+03
-7.978063441802070201e+02
-5.451590236483904846e+03
-9.998020258681342966e+03
-1.428791386000367856e+04
-1.813711573019817297e+04
-2.148713894061119572e+04
-2.417692982206376837e+04
-2.610740334098965468e+04
-2.727079175520361241e+04
-2.755720814795471597e+04
-2.699064519475255656e+04
-2.561913892113827023e+04
-2.342757755760491273e+04
-2.055339186032312136e+04
-1.707807872826242237e+04
-1.308248937168172779e+04
-8.763744265565745081e+03
-4.202594969527543071e+03
4.568009730845811305e+02
5.026523084696105798e+03
9.448079815152175797e+03
1.355666050071874452e+04
1.722793593137289281e+04
2.042618920109368264e+04
2.300414316573736505e+04
2.492643753061577081e+04
2.617116408222496466e+04
2.664080242723839910e+04
2.638553298111176264e+04
2.539435348880010497e+04
2.364662690971446136e+04
2.125536136058069314e+04
1.822901432689851572e+04
1.464074321966282150e+04
1.063592741026342264e+04
6.256066005103701173e+03
1.662607167512240039e+03
-2.998407888158245896e+03
-7.647389046008634068e+03
-1.207356922398309507e+04
-1.616406143620356124e+04
-1.981670651563669162e+04
-2.284039052962564892e+04
-2.519035950469122326e+04
-2.677635835317417150e+04
-2.749979105143548077e+04
-2.740488621079216682e+04
-2.644794967198706581e+04
-2.466084415510244071e+04
-2.216293158487557957e+04
-1.897121424626741646e+04
-1.523033739159549259e+04
-1.108681362577449909e+04
-6.609202073754319827e+03
-1.997785100421108382e+03
2.628430125423603840e+03
7.168654217330855317e+03
1.143060135019395057e+04
1.535431670556138306e+04
1.882672244571708507e+04
2.171215687607878863e+04
2.400914074926938702e+04
2.561311502082164589e+04
2.647372690838169365e+04
2.662792922785787596e+04
2.600372880719664681e+04
2.464588943396051400e+04
2.260974128839333935e+04
1.988103343600438893e+04
1.659013477017297555e+04
1.280195463718002975e+04
8.578454416636392125e+03
4.105423616169287016e+03
-5.433417191515978857e+02
-5.231057064323135819e+03
-9.765309703588818593e+03
-1.407023748417478055e+04
-1.796681034268243093e+04
-2.131521658323781230e+04
-2.405877882989894715e+04
-2.603705038422731013e+04
-2.721316574830338504e+04
-2.757425538444729318e+04
-2.704139386624033068e+04
-2.569560002985006213e+04
-2.357367985793779735e+04
-2.070831032703249002e+04
-1.726556894234892025e+04
-1.331213834453788331e+04
-8.976151850117379581e+03
-4.445517035387059877e+03
2.102559362720508034e+02
4.813885619866430716e+03
9.216286239998498786e+03
1.335852784727007565e+04
1.706579434342512832e+04
2.026347929930013925e+04
2.290175000100562102e+04
2.485024160285337712e+04
2.611592738822889442e+04
2.665557628260223646e+04
2.641256901742455739e+04
2.546093162904456767e+04
2.377296451036576764e+04
2.138269709958775638e+04
1.840537720039566193e+04
1.484873127765837853e+04
1.083836103873674620e+04
6.503204322559327011e+03
1.903409339956557233e+03
-2.766867488208955365e+03
-7.390906387712421747e+03
-1.185943915171962180e+04
-1.596233309960117185e+04
-1.962162260895129293e+04
-2.271031409344560234e+04
-2.507469997424724352e+04
-2.670066091698521268e+04
-2.749101067812865585e+04
-2.740918389046930679e+04
-2.651392209734972130e+04
-2.477419099253408422e+04
-2.228450612481700227e+04
-1.915504909172940461e+04
-1.542790413943680323e+04
-1.128775314701952266e+04
-6.852073680303969013e+03
-2.219185692268783896e+03
2.405162527994089942e+03
6.936225074791228508e+03
1.124492694701048458e+04
1.516630011575902063e+04
1.866396082885488431e+04
2.160508172454688247e+04
2.390220306692943996e+04
2.555864513004171386e+04
2.646710685637441566e+04
2.662984751312496155e+04
2.607198442317819718e+04
2.474184018471464515e+04
2.272563234712195481e+04
2.005962559585304552e+04
1.677114681865034436e+04
1.301052426110589477e+04
8.827190286401995763e+03
4.333907012480808589e+03
-2.892517459590031876e+02
-4.974225874466363166e+03
-9.543403175913501400e+03
-1.383535267351651237e+04
-1.777070548356380823e+04
-2.115835284574416437e+04
-2.390822110070338749e+04
-2.595587796189316214e+04
-2.716489006268307276e+04
-2.755148669452518152e+04
-2.709512290463252430e+04
-2.576689768074737367e+04
-2.368321279226498154e+04
-2.087521776426081487e+04
-1.743054170570768474e+04
-1.351791065147703011e+04
-9.202642286732560024e+03
-4.653678071867848303e+03
-2.978147254485385176e+01
4.593064672184457777e+03
9.021003919829463484e+03
1.315085605110592951e+04
1.690819198484628578e+04
2.012835803059360114e+04
2.278021895919874078e+04
2.479375706851249925e+04
2.607292300650178731e+04
2.665127607077165158e+04
2.647037990923662073e+04
2.552367649476804581e+04
2.389029125895892139e+04
2.154258554932236439e+04
1.856632791349633044e+04
1.506468105933868355e+04
1.106518924411206171e+04
6.730691452587212552e+03
2.168724443428967334e+03
-2.526164948836716576e+03
-7.150753767810952013e+03
-1.161255731390233450e+04
-1.576793607396957486e+04
-1.943207339631505238e+04
-2.254995118093508063e+04
-2.497714509629783788e+04
-2.661385810325475541e+04
-2.746216348479904264e+04
-2.743265700958345769e+04
-2.655241080830732244e+04
-2.488194436754344497e+04
-2.241841236433299855e+04
-1.930487893857611925e+04
-1.563610842372580737e+04
-1.149038997979162923e+04
-7.068816913054984070e+03
-2.464245696107359436e+03
2.192336095114377258e+03
6.712871386873855045e+03
1.103225276232794386e+04
1.500003267989779306e+04
1.849329832269700273e+04
2.147993040666419256e+04
2.382270975682283824e+04
2.548521534723163131e+04
2.645951820638146819e+04
2.665459689046294079e+04
2.611705905765526768e+04
2.485397894258164888e+04
2.284988052963255905e+04
2.021714890989281048e+04
1.697844559164726888e+04
1.320950227616880329e+04
9.063521388199678768e+03
4.588309376416738814e+03
-5.832004986304284699e+01
-4.715637884151663457e+03
-9.305637123813958169e+03
-1.362804577797789716e+04
-1.755769047338409655e+04
-2.100113978377358944e+04
-2.378001926310401177e+04
-2.584828288295297170e+04
-2.713133529947593706e+04
-2.753863269914442935e+04
-2.712368415780118812e+04
-2.586291999227868655e+04
-2.378778699586997755e+04
-2.102971161292155739e+04
-1.762310885955905178e+04
-1.370683646529594444e+04
-9.435651706426326200e+03
-4.884466220678293212e+03
-2.485557687126313056e+02
4.348646847428844012e+03
8.814907566845509791e+03
1.295931032391322151e+04
1.671814161178722134e+04
1.999768863033124217e+04
2.266157434259503862e+04
2.470597928843611226e+04
2.604683801371253139e+04
2.663307280042285856e+04
2.650593737399787642e+04
2.560687169272394749e+04
2.397964040343745364e+04
2.169371096040706107e+04
1.873990046213587993e+04
1.524629431416133593e+04
1.129752985341026397e+04
6.955454261896052230e+03
2.403933998556133247e+03
-2.268464889889976803e+03
-6.928549381000147150e+03
-1.138240278788064825e+04
-1.555306366263761629e+04
-1.927076190020891590e+04
-2.239029602834463003e+04
-2.486804370614692016e+04
-2.655950036229577381e+04
-2.742205873665821491e+04
-2.746316618284828655e+04
-2.662027831830329524e+04
-2.497298903135770161e+04
-2.257740778980210598e+04
-1.947260250811757578e+04
-1.582915532929132132e+04
-1.172732387193673640e+04
-7.287172652426164859e+03
-2.703980749933326933e+03
1.945822027472414220e+03
6.501334342850469511e+03
1.080789132247221823e+04
1.480743957372026671e+04
1.833865386549148388e+04
2.132522478243281876e+04
2.372806218986587555e+04
2.542093584008753169e+04
2.641161769105656640e+04
2.667662756962212734e+04
2.615613160358937967e+04
2.492636686530187944e+04
2.298173133261492694e+04
2.035143907623285850e+04
1.715682529264526966e+04
1.342039741386872993e+04
9.264377028425311437e+03
4.830280298602214316e+03
1.800311381377117925e+02
-4.495649043969096965e+03
-9.064175784345539796e+03
-1.342603809304123206e+04
-1.737705843178230498e+04
-2.082972650786551094e+04
-2.367311664345733516e+04
-2.576039528903525206e+04
-2.708249954250580413e+04
-2.755936121038997589e+04
-2.715697505506261223e+04
-2.595250782578594226e+04
-2.392880702379833019e+04
-2.117559824066777946e+04
-1.782477175871029249e+04
-1.392515827677986817e+04
-9.653133097453399387e+03
-5.141268876462822845e+03
-4.841587614998165350e+02
4.116563912352422449e+03
8.570658172996887515e+03
1.276365580714310454e+04
1.652713806345346165e+04
1.982612587535901548e+04
2.254823477291440940e+04
2.459914100771375161e+04
2.598808526013746086e+04
2.662481947090130416e+04
2.650785641187483270e+04
2.567386915169429631e+04
2.407711237817450819e+04
2.180622255518598831e+04
1.891533207630982361e+04
1.542637211850443055e+04
1.149634815967952272e+04
7.194071860776884932e+03
2.621701709577157544e+03
-2.032928150868714283e+03
-6.690825856151105654e+03
-1.118481602564928289e+04
-1.534612802689850105e+04
-1.910117405857185440e+04
-2.226854354066918677e+04
-2.475220443095143128e+04
-2.650893187034381481e+04
-2.741228826759000003e+04
-2.747621085343071536e+04
-2.670563019156798691e+04
-2.507929526200130931e+04
-2.271789815359007844e+04
-1.966976677566398575e+04
-1.602233456302309605e+04
-1.195594407772501472e+04
-7.539843947459886294e+03
-2.933136095521492280e+03
1.690232678150038510e+03
6.260757263796517691e+03
1.059827106069289948e+04
1.458803367351688939e+04
1.816811363733564576e+04
2.118199146464075966e+04
2.359589181892068518e+04
2.535647223555601886e+04
2.636529903346981882e+04
2.666211749935801708e+04
2.620766095667624177e+04
2.498641446591887143e+04
2.308872232604106466e+04
2.050328775911550110e+04
1.730938849865216616e+04
1.362314056769605122e+04
9.478370495074375867e+03
5.039015520330874097e+03
4.258311756528298133e+02
-4.274491505901298297e+03
-8.852684810184398884e+03
-1.320613545681048345e+04
-1.721009828194107831e+04
-2.067501910252623202e+04
-2.354547134661143355e+04
-2.569823426787397329e+04
-2.703282204977557922e+04
-2.756515980413446596e+04
-2.722074829983319069e+04
-2.602700293675376088e+04
-2.406866909747049431e+04
-2.134781235189035942e+04
-1.800550927150260395e+04
-1.415960172435244385e+04
-9.884901878685031988e+03
-5.380022023436684321e+03
-7.488694786405540071e+02
3.886329939625327370e+03
8.335205697623845481e+03
1.253656980266575556e+04
1.635211316262217588e+04
1.964995988017048148e+04
2.241221613256527780e+04
2.451427639452172662e+04
2.590974507269942842e+04
2.660846904457411438e+04
2.652697338595305337e+04
2.570962349769312641e+04
2.418073877652201918e+04
2.192302055713582376e+04
1.905760808246843590e+04
1.562274004845567652e+04
1.168427870026574965e+04
7.410286779805008337e+03
2.859910810246374695e+03
-1.820101699383441655e+03
-6.456548973138190377e+03
-1.097023886987265723e+04
-1.516703193250144614e+04
-1.891716393951733698e+04
-2.214092203597406478e+04
-2.466074459535424103e+04
-2.643410940360513632e+04
-2.741174213004040939e+04
-2.750167122389570795e+04
-2.676667934883804628e+04
-2.520756399497550592e+04
-2.285396652739926139e+04
-1.985052436418812067e+04
-1.624236091787206351e+04
-1.216507535364118667e+04
-7.789232325988753473e+03
-3.183900167142139708e+03
1.461474305111828699e+03
6.008687171480162760e+03
1.038069222239754163e+04
1.439276395373853848e+04
1.797421219179029140e+04
2.104680526912081768e+04
2.347599505666561527e+04
2.526399661055179604e+04
2.633833470864256742e+04
2.664316534857207807e+04
2.623699922917753429e+04
2.506935474347553827e+04
2.317654907375402036e+04
2.064882644581966088e+04
1.748131871788970238e+04
1.379986914435407380e+04
9.705799547265000001e+03
5.258394384559047467e+03
6.487891798297022206e+02
-4.025497912354559503e+03
-8.643064836142224522e+03
-1.299782017727702441e+04
-1.701254443980136421e+04
-2.053558035206889326e+04
-2.341423504316418985e+04
-2.561420475038735458e+04
-2.700711372218354882e+04
-2.755294224713947187e+04
-2.727726744480881462e+04
-2.612359146675873490e+04
-2.418089788967148706e+04
-2.152676850808108793e+04
-1.819490300872578882e+04
-1.436512125522472161e+04
-1.013343474228941341e+04
-5.608904738728845587e+03
-9.933496737923501314e+02
3.634644509368826675e+03
8.124003564393509805e+03
1.231370732169598887e+04
1.615840871926717773e+04
1.950304899848604691e+04
2.226389591760566691e+04
2.442251545479969354e+04
2.585662679129573371e+04
2.656958150560297872e+04
2.655669729233018370e+04
2.576014608536899323e+04
2.426128542784661113e+04
2.206575254901875451e+04
1.920133550767840279e+04
1.580548509352434849e+04
1.190450357340856681e+04
7.616002579595570751e+03
3.101415921840332430e+03
-1.579144835788687260e+03
-6.239197233905883877e+03
-1.073364794722425358e+04
-1.497140762190752685e+04
-1.874826422497404565e+04
-2.197826860658097576e+04
-2.456737926802566653e+04
-2.636470164955191649e+04
-2.737434968479164672e+04
-2.753819750658098565e+04
-2.681834508660245410e+04
-2.530835671974117577e+04
-2.300825291235281475e+04
-2.000746455851698920e+04
-1.645119133975673321e+04
-1.239120540132930364e+04
-8.007128985288056356e+03
-3.440640801675965122e+03
1.225634143260319888e+03
5.785773709346197393e+03
1.014498260474199560e+04
1.420662683208110866e+04
1.779924291459312735e+04
2.089092597935303638e+04
2.338240409472125975e+04
2.517741540854231789e+04
2.629883015199528018e+04
2.666098859626884223e+04
2.626040568683434321e+04
2.515507310882343518e+04
2.329918268209747475e+04
2.078025299730623010e+04
1.767275647778463463e+04
1.399837069566137870e+04
9.917608128016820046e+03
5.510050180385870590e+03
8.769154687489597109e+02
-3.784075636373863745e+03
-8.395832610768260565e+03
-1.279639328848643527e+04
-1.680555804243699822e+04
-2.036192687280573227e+04
-2.329374068301063744e+04
-2.550123514547273226e+04
-2.695876475775066137e+04
-2.754832220457165022e+04
-2.729243179176376725e+04
-2.621430502426743260e+04
-2.429302282883312000e+04
-2.166515905601628037e+04
-1.839398315546430240e+04
-1.455858736961351497e+04
-1.035308426841859364e+04
-5.854329584347461605e+03
-1.211349455821188485e+03
3.395853256977077763e+03
7.900836400108428279e+03
1.212799017911204282e+04
1.596285733893946053e+04
1.935714813375883750e+04
2.215266810897987307e+04
2.431867094064598496e+04
2.582028626159313717e+04
2.655595931302030294e+04
2.657124443505413365e+04
2.584113473649548177e+04
2.434972909578119288e+04
2.219900228753093324e+04
1.938237587428370171e+04
1.598086882976838751e+04
1.212856081475860447e+04
7.855971438840299015e+03
3.328054928043952259e+03
-1.316891075509479606e+03
-5.998811618410116353e+03
-1.050909081239348598e+04
-1.473861683568055378e+04
-1.857045986969161822e+04
-2.181612454246286507e+04
-2.442986059003422997e+04
-2.629863429742514199e+04
-2.732237290786632002e+04
-2.753725400253617045e+04
-2.688068947457505419e+04
-2.538097898867289405e+04
-2.314230012566259393e+04
-2.017450726172613213e+04
-1.662278252369143956e+04
-1.261561614884735718e+04
-8.225230445336363118e+03
-3.658144103428991457e+03
9.795950726966860884e+02
5.578727503993929531e+03
9.940751477230483943e+03
1.400706921222705387e+04
1.765515516599159673e+04
2.074973412016026487e+04
2.327926318079702469e+04
2.512866027142636813e+04
2.625458685027411775e+04
2.667849834341228052e+04
2.631756894593771358e+04
2.522293892900855280e+04
2.343486014787052409e+04
2.093263949948891968e+04
1.784493667639715204e+04
1.422389832328266675e+04
1.013413996057020086e+04
5.751917635489177883e+03
1.140392753304279267e+03
-3.552147100849831077e+03
-8.143200180785146586e+03
-1.256210813139137645e+04
-1.661563742119006201e+04
-2.016690433221569401e+04
-2.315295810735717896e+04
-2.540330374354862579e+04
-2.687621364063885630e+04
-2.753979873530297482e+04
-2.731158125717367511e+04
-2.626540986934141620e+04
-2.441418538872712816e+04
-2.179193382042185840e+04
-1.855953376290918459e+04
-1.476732057674947100e+04
-1.054773170504753034e+04
-6.083616086550729051e+03
-1.443246092096367192e+03
3.189072337351135957e+03
7.672737949100612241e+03
1.193732183866118794e+04
1.579838338078595370e+04
1.919141755237124016e+04
2.205063302026114616e+04
2.423673139836849805e+04
2.576082998966636660e+04
2.656593635173033181e+04
2.659232749191605035e+04
2.590663452805201814e+04
2.447072213356377688e+04
2.232293812835830249e+04
1.956242740458088156e+04
1.618830953662594584e+04
1.233359280444451906e+04
8.110740363590170091e+03
3.575351668213033008e+03
-1.074631293787638697e+03
-5.732474968158361662e+03
-1.028320834592687788e+04
-1.451894863735774743e+04
-1.836341146415702315e+04
-2.167099402336383355e+04
-2.429206532378838892e+04
-2.620740372136593942e+04
-2.729503774184802023e+04
-2.751916854628627698e+04
-2.692827229051446557e+04
-2.547339753461559303e+04
-2.324625177252657886e+04
-2.034279402006382224e+04
-1.680267413384380052e+04
-1.280816208906551219e+04
-8.461599899083923447e+03
-3.871804924337168814e+03
