2455427.78399
2455427.78499
2455427.786
2455427.78741
2455427.78836
2455427.78933
2455427.79054
2455427.79152
2455427.79288
2455428.84862
2455428.84961
2455428.8506
2455428.85172
2455428.85268
2455428.85363
2455428.85477
2455428.85571
2455429.88189
2455429.88288
2455429.88403
2455429.88498
2455429.88612
2455429.88707
2455430.84521
2455430.8462
2455430.8473
2455430.84826
2455430.84947
2455430.85041
2455431.84494
2455431.84626
2455431.84775
2455431.84997
2455431.85139
2455431.85243
2455435.81099
2455435.81199
2455435.81325
2455435.81421
2455435.81623
2455435.81718
2455436.84577
2455436.84676
2455436.84803
2455436.85164
2455436.85258
2455436.85363
2455437.79815
2455437.79916
2455437.80027
2455437.80124
2455437.80234
2455437.8033
2455438.86051
2455438.8615
2455438.8626
2455438.86356
2455438.86469
2455438.86563
2455439.89521
2455439.8962
2455439.89732
2455439.89828
2455439.8994
2455439.90034
2455582.53615
2455582.53726
2455582.53834
2455582.53942
2455582.5405
2455582.54159
2455584.54264
2455584.54372
2455584.54478
2455584.54588
2455584.54698
2455584.54811
2455588.5375
2455588.5386
2455588.53969
2455588.5408
2455588.54188
2455786.84424
2455786.84522
2455786.84624
2455786.84726
2455786.84825
2455788.76415
2455788.76534
2455788.76639
2455788.76743
2455788.76847
2455790.93012
2455790.93702
2455790.93819
2455790.93924
2455794.89252
2455794.89362
2455794.89469
2455794.89576
2455794.89684
2455801.84354
2455801.84466
2455801.84575
2455801.84685
2455801.84796
2455843.80313
2455843.80417
2455843.8052
2455843.80623
2455843.80727
2455845.74222
2455845.74348
2455845.74476
2455845.74587
2455850.80442
2455850.80546
2455850.80653
2455850.80757
2455850.80861
2455852.75597
2455852.75706
2455852.75814
2455852.75921
2455852.76029
2455957.54799
2455957.54961
2455957.55303
2456094.94146
2456141.91736
2456141.91847
2456141.91962
2456141.92078
2456141.92191
2456146.89807
2456146.90184
2456146.90474
2456146.90756
2456146.91014
2456148.87762
2456148.87887
2456148.88015
2456148.88142
2456173.78554
2456173.7867
2456173.78786
2456173.78901
2456283.54355
2456283.54508
2456283.54641
2456283.54762
2456283.54917
2456285.59176
2456285.59292
2456285.59407
2456285.59523
2456285.59635
2456501.94124
2456501.94235
2456501.94347
2456501.94457
2456501.94565
2456502.92164
2456502.92279
2456502.92393
2456502.92509
2456502.9263
2456504.92483
2456504.92765
2456507.94446
2456507.94552
2456507.9466
2456507.94769
2456509.94331
2456509.94432
2456509.94534
2456509.94633
2456509.94735
2456552.75808
2456552.75924
2456552.76059
2456552.76226
2456552.76367
2456606.64862
2456606.64979
2456606.6509
2456606.652
2456867.88819
2456867.91593
2456867.91992
2456883.88393
2456883.88502
2456883.88607
2456883.88712
2457028.56963
2457028.57083
2457028.57203
2457028.57319
2457205.94675
2457205.94777
2457205.9488
2457206.94645
2457206.94751
2457206.94857
2457268.8628
2457268.86402
2457268.8652
2457327.71766
2457327.71882
2457327.71997
2457327.72115
2457395.57142
2457395.57284
2457395.57421
2457620.81662
2457620.8204
2457626.87345
2457626.87448
2457626.8755
2457626.8766
2457626.87767
2457626.87887
2458355.90487
2458355.90569
2458355.9065
2458355.9073
2458355.90811
2458355.90892
2458355.90973
2458355.91054
2458355.91135
2458675.9449
2458675.94669
2458675.94845
2458675.95009
2458675.9516
2458679.94169
2458679.9425
2458679.9433
2458679.94411
2458679.94493
2458680.94135
2458680.94215
2458680.94295
2458680.94375
2458680.94456
2458704.88519
2458704.88611
2458704.887
2458704.88789
2458704.88878
2458704.88969
2458704.89059
2458704.89152
2458704.89243
2458704.89335
2458707.83722
2458707.83819
2458707.83912
2458707.84001
2458707.84095
2458707.8419
2458707.84284
2458707.84379
2458707.84476
2458707.84574
2458707.8467
2458710.90094
2458710.90199
2458710.90294
2458710.90385
2458710.90474
2458710.90566
2458737.78631
2458737.78752
2458737.78873
2458737.78991
2458737.79111
2458737.7923
2458737.79349
