-15292.9657075788
-19053.8837438352
-22231.4685653992
-24723.5013933824
-26490.2007587501
-27406.2679193926
-27480.6850105061
-26721.5380418722
-25105.8537353943
-22753.2250080927
-19714.8221286029
-16073.188442399
-12010.9628549304
-7599.93865431772
-2993.75450870881
1630.59666637804
6202.25025646032
10543.8586084176
14538.4213274811
18125.411138838
21147.0785142253
23567.8652688231
25338.9761912498
26357.9238195127
26662.8481996216
26219.8256931611
25008.8960655193
23119.9316890599
20544.5256038888
17358.2809608991
13679.7885782736
9541.68866267015
5105.07978611536
495.844710464279
-4203.01829094814
-8784.10515115007
-13139.9175641398
-17148.8931752176
-20621.5165569903
-23500.5575760949
-25664.2573325748
-27009.0932939345
-27553.046390816
-27222.0732006099
-26037.982713939
-24089.8591798628
-21379.8153261182
-18043.797327409
-14203.903490788
-9933.65805894471
-5430.19715892828
-800.459718076998
3837.15649247874
8289.52831868706
12493.5431433469
16316.3877618255
19621.61223391
22390.3788939573
24502.1415921462
25907.0576397011
26615.6384719244
26544.4974330453
25736.3715449936
24218.8663011406
21970.6246587863
19112.2798060778
15687.0098438797
11755.0400353185
7484.90563947469
2939.15142783019
-1739.77919291244
-6376.30542694136
-10891.767955914
-15094.1271199464
-18848.7953240315
-22080.0520208397
-24610.8887673592
-26392.9982046717
-27381.6105255532
-27484.1379466437
-26759.8741232086
-25212.0084841163
-22868.0374209169
-19873.5282607467
-16273.8700477025
-12200.4768034138
-7828.72182311198
-3226.80251637658
1420.43223259589
5969.10248425172
10344.0409489068
14362.2707145779
17949.4992600595
21030.8688105525
23469.0881698151
25265.2261299276
26351.6778406038
26666.9393622756
26269.634473166
25113.8368433702
23230.7091848006
20711.4352472571
17552.4341992898
13877.2941351126
9789.71912170266
5345.81574230358
737.10203845062
-3934.85580866367
-8554.57928041975
-12914.0117466253
-16932.2916197389
-20462.95078096
-23350.0289243946
-25559.071908688
-26963.6600233392
-27519.1579359138
-27255.1671814255
-26114.3465537969
-24180.296279189
-21536.3711379519
-18214.4644393618
-14390.3240003415
-10164.1870498083
-5643.00317340937
-1028.53760118242
3599.60494483286
8093.22365818259
12286.8133677473
16136.5190914302
19490.7553816485
22259.2965195812
24426.4556779308
25871.7786966584
26593.9516035597
26591.8566489804
25805.3433291358
24314.8855210449
22130.2731161972
19273.2971818152
15883.0926087514
11990.0510789344
7705.34654932744
3192.67560051389
-1485.74278215913
-6146.92750514295
-10643.3311321068
-14885.7258107843
-18669.319106181
-21905.0543540986
-24504.2159585113
-26312.6087164453
-27331.2681483553
-27507.6534485281
-26799.6182233761
-25300.0489917995
-23011.4910346013
-20018.9805179477
-16471.3100591702
-12418.7826310932
-8036.89944569517
-3473.93044096916
1190.80435194236
5754.5344365198
10116.3782914865
14182.7274033882
17782.5334800733
20881.4370327404
23382.6918111437
25186.3107931696
26316.893083098
26691.1421406068
26299.1808563925
25202.9270382396
23357.8412794991
20846.1710075382
17746.407947779
14078.4979475159
10001.7874049034
5599.36277404896
966.920240849791
-3694.94612495251
-8306.14538074961
-12711.7218894148
-16727.1863404881
-20289.1270031078
-23230.4791231544
-25447.801788436
-26916.1311283554
-27517.5394021442
-27271.6449802438
-26205.9621260344
-24295.634084996
-21675.3579091218
-18414.1012511782
-14585.8583112721
-10384.6500061473
-5890.61287000364
-1248.74597495707
3357.84471162173
7863.93810188689
12096.5756669204
15934.9593766042
19335.2773649506
22140.9389250426
24314.3456113284
25825.2621305965
26572.185258108
26596.9836952872
25877.6519156044
24395.4446549863
22253.5537962235
19446.8894733369
16050.8216458199
12204.1507291577
7937.51120834117
3410.54703656983
-1233.48652523412
-5916.30311406911
-10430.6019947838
-14664.0118372311
-18503.9541398114
-21758.3009012269
-24379.5108835615
-26260.7889699858
-27295.890860669
-27520.1607998123
-26876.2923370875
-25387.3187129039
-23158.1529922151
-20199.9775765458
-16655.1124696354
-12655.4878875766
-8269.94054026552
-3704.23939213436
930.26850800007
5530.1011448799
9895.67011873295
13964.6461368576
17619.0083965592
20720.3548795259
23257.8792578988
25118.1160989098
26252.3353356162
26686.8764346501
26338.5822246564
25252.1660027702
23473.9986163006
20982.1052899357
17900.8576663606
14286.5841210883
10201.3881819119
5822.0186324492
1212.97349625916
-3481.79744325
-8074.87871873023
-12496.3794220508
-16557.6908496918
-20115.7727645295
-23109.926880204
-25371.1157377281
-26853.8104100164
-27529.698552017
-27312.7660984613
-26276.3059208899
-24438.0796630365
-21825.1688829981
-18599.7157511991
-14816.9680211573
-10602.6162091457
-6141.65534095565
-1504.45177702814
3128.21573163798
7612.46209255156
11880.4299139793
15747.5785765399
19144.942768461
22012.5381381596
24208.6848903659
25740.7177443772
26556.909458108
26593.8720449558
25918.2107809737
24493.4076797442
22353.3533905261
19601.8687785214
16236.3440959298
12384.8306804763
8166.92226328934
3635.26079013447
-1016.02904078558
-5674.39279465772
-10228.0114057455
-14468.985421267
-18319.0450631723
-21636.0312264444
-24265.6722474608
-26190.161981727
-27290.9306018364
-27525.4792620799
-26945.1981717633
-25502.6714174999
-23284.9386599986
-20391.2547289677
-16858.7561517035
-12869.5256467142
-8529.58346150969
-3941.39915571169
685.429067265227
5272.4598688929
9683.40119451672
13748.2004662871
17427.039562216
20579.5370029001
23117.8933406039
25033.4731646849
26209.7196720988
26653.5704360776
26375.5598811339
25313.0518560719
23555.9613200536
21128.445928712
18049.6493673687
14466.7541784017
10420.5106766521
6023.43088598829
1446.78030429958
-3247.01846672175
-7872.41985143096
-12274.7167514252
-16374.6580897172
-19970.0767315321
-22969.1125292482
-25297.6264439178
-26810.9409927078
-27516.4639553823
-27374.3401109064
-26352.6377076591
-24559.3367671926
-22004.0823284187
-18775.6542222212
-15039.0594951107
-10846.4737469528
-6370.30390218172
-1767.48561823029
2885.06514156985
7388.2633262917
11642.8424466601
15562.6756285418
18976.0419167099
21856.1778996304
24118.996789983
25661.5623104397
26516.1166395312
26613.316366134
25943.9336226133
24576.1578394389
22474.4224852445
19727.7473049073
16422.3769420194
12578.9356094791
8366.19520234888
3876.97005076253
-797.833473565353
-5451.62536893798
-9998.06346640614
-14287.9613403247
-18137.1692645981
-21487.1941668725
-24176.9873834845
-26107.4602178154
-27270.8463805983
-27557.2582494429
-26990.691314043
-25619.1790685991
-23427.6097557196
-20553.4148552363
-17078.0918542316
-13082.4929761463
-8763.73782308837
-4202.57856461978
456.82655810345
5026.55860174756
9448.12124729455
13556.7086183391
17227.9880831397
20426.2446741889
23004.2004586489
24926.4956672993
26171.220759841
26640.8551189048
26385.5803958702
25394.3942365052
23646.6604539588
21255.3847532896
18229.0294272816
14640.7493530013
10635.9236124238
6256.0532446678
1662.58423409882
-2998.43927863179
-7647.42789697184
-12073.614692476
-16164.1128708159
-19816.761354576
-22840.4463902925
-25190.4174757123
-26776.4145758488
-27499.8435838954
-27404.933980954
-26447.9921282306
-24660.8793744235
-22162.9587460537
-18971.2322142057
-15230.3464857888
-11086.8116985571
-6609.19094572783
-1997.76446683237
2628.45997582601
7168.69173943139
11430.6459522214
15354.3677441792
18826.7770809391
21712.2139974287
24009.197635666
25613.1724529204
26473.7795647713
26627.9792395171
26003.7734062026
24645.9264548984
22609.7723026379
19881.0540474823
16590.1454133754
12801.955065819
8578.44586678214
4105.40545527825
-543.368682645283
-5231.09225220139
-9765.35222999524
-14070.2863083867
-17966.8628202056
-21315.2724251743
-24058.8352662415
-26037.1068494879
-27213.2194744802
-27574.3056958579
-27041.4387134348
-25695.6401171005
-23573.7117772019
-20708.3323095839
-17265.5831406997
-13312.1417928925
-8976.14593068192
-4445.50150758863
210.280794493581
4813.91892363007
9216.32636374889
13358.574916256
17065.8468154884
20263.5350799573
22901.8064464997
24850.2996023741
26115.984399795
26655.629375916
26412.6169847668
25460.9731791414
23772.9986149837
21382.7221090581
18405.3929269365
14848.7380745506
10838.3591514408
6503.19134729008
1903.38675848928
-2766.89830724705
-7390.94522446288
-11859.484963283
-15962.3845662641
-19621.6770295446
-22710.3723218232
-25074.7565492419
-26700.7161525887
-27491.0642743861
-27409.232087702
-26513.9654535189
-24774.2261054415
-22284.5335153412
-19155.0665319598
-15427.9128420087
-11287.7518488104
-6852.06298860401
-2219.16560998924
2405.19147588477
6936.26191959071
11244.9706511564
15166.3489750816
18664.0142948525
21605.1387346976
23902.2598497258
25558.7021414796
26467.1604249435
26629.8972250851
26072.0295960462
24741.8774814805
22725.6619394807
20059.6456890977
16771.1587341912
13010.5256310271
8827.18231193569
4333.88973676529
-289.278468393965
-4974.26053145573
-9543.44569307604
-13835.4015739369
-17770.7580635294
-21158.4084889185
-23908.2784971396
-25955.9353281237
-27164.9451338106
-27551.536905349
-27095.1685162135
-25766.9373390834
-23683.2443690551
-20875.2412316988
-17430.5557045076
-13517.9149947154
-9202.6362844433
-4653.66181342389
-29.756828118334
4593.09766165521
9021.0440902573
13150.9025570923
16908.2437573581
20128.4127766692
22780.2759961689
24793.8133281207
26072.9780627519
26651.3293426869
26470.4276077905
25523.7195416218
23890.3259602976
21542.6113308607
18566.3444252771
15064.6870315559
11065.185815526
6730.67920202814
2168.70271795355
-2526.19550915533
-7150.79212659953
-11612.6025747755
-15767.9864826241
-19432.1274676735
-22550.0067272225
-24977.2011822477
-26613.9147182733
-27462.2175597493
-27432.7064480801
-26552.4545200749
-24881.9799680121
-22418.4413999797
-19304.8976294808
-15636.1178335793
-11490.3900935605
-7068.80655369096
-2464.2256087989
2192.36486457746
6712.90867115411
11032.2972890013
15000.0817091527
18493.3507311688
21479.9862485508
23822.7666909845
25485.2726012829
26459.5706993757
26654.6459169115
26117.1030534671
24854.0185478227
22849.9096237971
20217.1708068422
16978.4572952013
13209.5044772364
9063.51409460755
4588.29244040002
-58.3459868418938
-4715.67206960229
-9305.67886920959
-13628.0933532584
-17557.7433641127
-21001.1954374812
-23780.0758361611
-25848.3395464825
-27131.3898273911
-27538.6849380603
-27123.7311368036
-25862.959973615
-23787.8183800875
-21029.7359332907
-17623.1233982213
-13706.8413868374
-9435.64697865906
-4884.45122828346
-248.531458476868
4348.67982668801
8814.94779661914
12959.3571201947
16718.1945473167
19997.7436997953
22661.6309031629
24706.0363675082
26046.8931329549
26633.1259257146
26505.9847931072
25606.91303175
23979.6751775842
21693.7364282734
18739.9178187541
15246.3018514706
11297.5272986165
6955.44203140279
2403.91250471465
-2268.49491086727
-6928.5872273037
-11382.4472110594
-15553.1164114011
-19270.81534354
-22390.3528921391
-24868.1025613793
-26559.5568280998
-27422.1107315761
-27463.2161072616
-26620.3215791336
-24973.0239873683
-22577.4362498041
-19472.621791667
-15829.1648537359
-11727.3240446116
-7287.16307914874
-2703.96160393887
1945.85054443846
6501.37066250453
10807.9348750564
14807.4893069005
18338.7081063389
21325.282279613
23728.1196899779
25420.9931352258
26411.6709728378
26676.6799727623
26156.1774490398
24926.4070084871
22981.7625802196
20351.4604567405
17156.837438081
13420.3998533642
9264.36987796158
4830.2645191644
180.005279567416
-4495.68318308927
-9064.21679503761
-13426.0853351196
-17377.1103358195
-20829.7812786007
-23673.1738980441
-25760.4518301324
-27082.5537333048
-27559.413245306
-27157.0220713356
-25952.5472861174
-23928.8402199285
-21175.6220304136
-17824.7864502267
-13925.1633201048
-9653.12832381333
-5141.25472486611
-484.13530576667
4116.59633516851
8570.69888241964
12763.7024487486
16527.1889306136
19826.1810217328
22548.292633849
24599.1981448544
25988.141131702
26624.8730740746
26507.9060058756
25673.9118593205
24077.1477387967
21806.2485676009
18915.3493451808
15426.3803342611
11496.3454737582
7194.0603517899
2621.6803583753
-2032.95814152537
-6690.86379118922
-11184.8589254302
-15346.1777848678
-19101.2287499741
-22268.6005660088
-24752.2631391606
-26508.988024914
-27412.3399132587
-27476.2602116744
-26705.6723920167
-25079.3324923039
-22717.9262191667
-19669.787066854
-16022.3448078749
-11955.9449094612
-7539.83431752393
-2933.11713859531
1690.26225413699
6260.79334503604
10598.313254467
14588.0832626605
18168.1674681787
21182.0482369187
23595.9479775584
25356.5288338548
26365.3543612847
26662.168602833
26207.7069763487
24986.4537111149
23088.7543811828
20503.3100186153
17309.4014067189
13623.1440930255
9478.36339605103
5038.99959297324
425.805726337696
-4274.52537291702
-8852.72590239962
-13206.1832652278
-17210.1510202612
-20675.0748368317
-23545.5281755168
-25698.2906039994
-27032.877321998
-27565.2125701734
-27220.7956504131
-26027.042954374
-24068.7023479591
-21347.835296525
-18005.5254498148
-14159.6067986974
-9884.89770955936
-5380.00797304403
-748.846152127133
3886.3618162535
8335.24507607101
12536.6158065714
16352.1650635843
19650.0142847554
22412.2735166538
24514.3354699032
25909.8017860573
26608.5202098094
26527.0220597287
25709.6653405511
24180.7735239021
21923.0487711708
19057.6260440477
15622.7490192911
11684.2769364405
7410.276104187
2859.89023343437
-1820.13106979978
-6456.5866046718
-10970.2832409583
-15167.0817815463
-18917.2178700792
-22140.9789550325
-24660.8017532578
-26434.1646993304
-27411.7967917329
-27501.7202723934
-26766.7242466059
-25207.6016768276
-22853.9967145412
-19850.5450450073
-16242.3715123456
-12165.0769740637
-7789.22325004597
-3183.88174536278
1461.50216611119
6008.72305711825
10380.7353614051
14392.8137017013
17974.2658097867
21046.8619148574
23476.0530336723
25264.0529715913
26338.3895876157
26643.2170170602
26237.043768833
25069.3937392912
23176.5799598011
20648.8480362515
17481.3320247551
13799.873325952
9705.79375431149
5258.37902249449
648.764441156241
-4025.53093229897
-8643.1049998966
-12997.8671121253
-17012.5966910689
-20535.6383700954
-23414.2924968122
-25614.2605445328
-27007.1702326808
-27552.994410351
-27277.3135902713
-26123.6330381224
-24180.9312550184
-21526.7936876487
-18194.9186140537
-14365.1275537354
-10133.4309387812
-5608.89137610843
-993.326719565045
3634.67626576005
8124.04299389422
12313.7535164422
16158.4610982636
19503.1038067119
22263.9533760696
24422.5730689448
25856.683231975
26569.6335543049
26556.7466876037
25760.1880593736
24261.3209835087
22065.7807611326
19201.3544329594
15805.4941166158
11904.5037238337
7615.99202221029
3101.39567049773
-1579.17338314338
-6239.23420442811
-10733.6916815835
-14971.4567267322
-18748.316656929
-21978.3244141912
-24567.43612728
-26364.7585345051
-27374.4047625873
-27538.2482188851
-26818.3887284156
-25308.3951557347
-23008.2828722005
-20007.4846831732
-16451.2023665819
-12391.2064217148
-8007.12134779655
-3440.62303338373
1225.66104094953
5785.80931295543
10145.026016549
14206.675650156
17799.2967743625
20890.9821195604
23382.4605956819
25177.4731813752
1078779.60802633
26661.0402627533
26260.4512103171
25155.1126906707
23299.2157417056
20780.2750978133
17672.7675559383
13998.3751966401
9917.60226590275
5510.03488124786
876.890993758139
-3784.10857197829
-8395.87261969052
-12796.4397379144
-16805.6089519172
-20361.9821285137
-23293.7963719541
-25501.2924272778
-26958.8196720199
-27548.3726028792
-27292.4794019231
-26214.3458988015
-24293.0577475214
-21665.184424288
-18393.9996478923
-14558.5938927031
-10353.0807394248
-5854.31658922099
-1211.32720984576
3395.88434797701
7900.87589010656
12128.035948031
15962.9084843553
19357.2031876489
22152.7257830649
24318.7303159748
25820.3419714164
26556.0111940141
26571.2945447678
25841.1790202764
24349.7650682148
22199.0303808784
19382.3937625177
15980.8779389082
12128.5606701247
7855.96135124041
3328.03477622705
-1316.91964935487
-5998.84844631882
-10509.1346776437
-14738.6659312912
-18570.5125196961
-21816.1810606096
-24429.9174399122
-26298.6905289753
-27322.4263293841
-27537.3034856131
-26880.734324406
-25381.0164610998
-23142.3300285756
-20174.5289275718
-16622.7942789285
-12615.6179429251
-8225.22262064574
-3658.12652338229
979.621543677862
5578.76252373697
9940.79364572173
14007.1181849274
17655.2071745941
20749.7888776425
23279.3210202979
25128.7179117338
26254.6428694423
26678.5503355875
26317.615388575
25222.9774749936
23434.8934275155
20932.6633948323
17844.9511141535
14223.9033503321
10134.1346613229
5751.90317835008
1140.36870745575
-3552.17964253295
-8143.24019645925
-12562.1551323101
-16615.6883449503
-20166.9595477517
-23153.0142924836
-25403.3630310433
-26876.2691842643
-27539.8508193971
-27311.6293924429
-26265.4511463229
-24414.2189053989
-21791.9599240855
-18559.5499009032
-14767.3277985091
-10547.7286075183
-6083.60336419748
-1443.22421735119
3189.10434195835
7672.7761434462
11937.3664168506
15798.4341442537
19191.4710254192
22050.6898045619
24236.7882573153
25760.886787227
26565.9887542099
26592.3764132551
25906.6769588836
24470.7586879403
22322.9673039679
19562.4457739322
16188.3199315543
12333.5922424554
8110.73124757714
3575.3326116032
-1074.65928164987
-5732.51118921056
-10283.2513895543
-14518.9976754616
-18363.4653834455
-21671.0499041968
-24292.1222210112
-26207.4591842382
-27295.093043164
-27519.2182417111
-26928.3179685096
-25473.4356215028
-23246.282993921
-20342.8151538066
-16802.6860098969
-12808.1655323992
-8461.59241310742
-3871.78754782367
