-15292.9657037211
-19053.8836490539
-22231.4687002532
-24723.5015524678
-26490.2007604721
-27406.2679114384
-27480.6851469499
-26721.53813566
-25105.8537197723
-22753.2249928482
-19714.8220204885
-16073.1884439139
-12010.9628938004
-7599.93875896408
-2993.75460769531
1630.59650858301
6202.25029547646
10543.8585585947
14538.4214083964
18125.4110733324
21147.0786071395
23567.8652176892
25338.9761844844
26357.923869319
26662.8481630664
26219.8258247474
25008.8961153916
23119.9318984852
20544.5256524409
17358.2809573012
13679.788622237
9541.68860122042
5105.07994629335
495.844667793596
-4203.01817283789
-8784.10509417841
-13139.9176685698
-17148.8932331278
-20621.5167282324
-23500.5575619027
-25664.2574502241
-27009.0934026666
-27553.0464876168
-27222.0732332427
-26037.9828991236
-24089.8591412571
-21379.8152552
-18043.7973229673
-14203.9037219699
-9933.65824515642
-5430.19708923851
-800.45963010665
3837.15649985077
8289.52832871512
12493.5433492557
16316.387971606
19621.6120182235
22390.3788182862
24502.1415746022
25907.0578208658
26615.638516003
26544.4975835959
25736.3715529212
24218.8663034211
21970.6246225919
19112.2799767009
15687.00976335
11755.0398254936
7484.90572460151
2939.15143277955
-1739.77937495511
-6376.30542631698
-10891.7679500051
-15094.1273603832
-18848.7954186361
-22080.0520177021
-24610.8887304809
-26392.9983682083
-27381.6106087899
-27484.1379689335
-26759.8742086671
-25212.0085321806
-22868.0374619316
-19873.5283088534
-16273.869902558
-12200.4768741175
-7828.72178930187
-3226.80265232625
1420.43208616612
5969.1025880566
10344.0409602202
14362.2707589901
17949.4992592799
21030.8688017982
23469.0885566621
25265.2261528703
26351.6778296298
26666.9394100945
26269.6345196167
25113.8365699271
23230.7092130195
20711.4352807591
17552.4340316211
13877.2941797437
9789.71911451397
5345.81570567349
737.101923611379
-3934.85582909487
-8554.57944413193
-12914.0118055076
-16932.2915283835
-20462.9510260344
-23350.0288814365
-25559.0720400849
-26963.6600000076
-27519.1580840164
-27255.1671571791
-26114.3465225618
-24180.2964494967
-21536.3712779177
-18214.4644754134
-14390.3239184122
-10164.1870288209
-5643.00321273194
-1028.53746331283
3599.60500176469
8093.22393339238
12286.8133784062
16136.5192165376
19490.7553951597
22259.2964438531
24426.4558964441
25871.7786876615
26593.9516106639
26591.8567351217
25805.3434304111
24314.8856045241
22130.2731333958
19273.2971864304
15883.0926196803
11990.0508103963
7705.34659275255
3192.67552710788
-1485.74277835597
-6146.92755211001
-10643.3311035546
-14885.725892034
-18669.3193303449
-21905.0542462227
-24504.2160868222
-26312.6087139381
-27331.2681852664
-27507.6536273708
-26799.6181664825
-25300.0490902213
-23011.4910012041
-20018.9805161447
-16471.3099198424
-12418.7825583628
-8036.8993396251
-3473.93047442428
1190.80451715519
5754.5345241584
10116.3782093314
14182.7272855351
17782.5336258294
20881.4370398681
23382.6918755097
25186.3108955132
26316.8930878853
26691.1420203553
26299.1809174111
25202.9270786431
23357.8412059349
20846.1710169009
17746.4079085785
14078.4979769218
10001.7874847084
5599.36255300739
966.920206250041
-3694.94602545535
-8306.1455117034
-12711.7219207543
-16727.1864957881
-20289.1269355829
-23230.4791366852
-25447.8018198723
-26916.1311080381
-27517.5394462492
-27271.6448473644
-26205.9621016621
-24295.634087924
-21675.3577612122
-18414.101213973
-14585.8583188564
-10384.6498098865
-5890.61268702383
-1248.74584366361
3357.8450089805
7863.93806195934
12096.5756889412
15934.9593960213
19335.2773838979
22140.9389610762
24314.3457968147
25825.2623423206
26572.1853339669
26596.983688775
25877.6520214935
24395.4447110383
22253.5538636278
19446.8893535443
16050.8216407858
12204.1505356327
7937.51138810734
3410.54703320385
-1233.48618323871
-5916.30310674214
-10430.6020101043
-14664.0117522449
-18503.9540992473
-21758.3009715326
-24379.5110577612
-26260.7891175962
-27295.8905736047
-27520.1608577012
-26876.2923214072
-25387.3187641908
-23158.1529465386
-20199.9774844878
-16655.1124803441
-12655.4878688828
-8269.94057710767
-3704.23916746169
930.268666533931
5530.1011796978
9895.67017751381
13964.6460098787
17619.0083628647
20720.3551123576
23257.8793209758
25118.1161856656
26252.3354312364
26686.8765689836
26338.5824686754
25252.1658538029
23473.9986603567
20982.1052737574
17900.8576699338
14286.5840689263
10201.3881413012
5822.01863077404
1212.97343180091
-3481.79743343047
-8074.87866829402
-12496.3795220503
-16557.6908297258
-20115.7723978416
-23109.926962842
-25371.1158340124
-26853.8103929828
-27529.698617083
-27312.7661104667
-26276.3059620331
-24438.0796562541
-21825.1688563366
-18599.7155533584
-14816.9679022131
-10602.6161015362
-6141.65534869392
-1504.45170789233
3128.21568741852
7612.46210302169
11880.4300336221
15747.5787156271
19144.9427529827
22012.5382013104
24208.6849716828
25740.7178445589
26556.9095297876
26593.872081681
25918.210767729
24493.4077460263
22353.353227865
19601.8688421114
16236.3440703663
12384.8306886777
8166.92219535017
3635.26069454361
-1016.02906970813
-5674.39271909764
-10228.0115247861
-14468.985673562
-18319.0452840882
-21636.0312765094
-24265.6722134379
-26190.1621005902
-27290.9309268558
-27525.4792231395
-26945.1982773361
-25502.6716911181
-23284.9389115772
-20391.2547868606
-16858.7561137238
-12869.5257445665
-8529.58347415395
-3941.39905873028
685.429052304405
5272.45988037961
9683.40120087076
13748.2004484671
17427.0396694855
20579.5369552751
23117.8933032248
25033.4730947417
26209.719823782
26653.5705359952
26375.5598636832
25313.0519946474
23555.961394284
21128.4459123397
18049.6493998342
14466.7541972766
10420.5105935637
6023.43061598666
1446.78026759114
-3247.01847419676
-7872.4198455677
-12274.7166476385
-16374.658470141
-19970.0765619743
-22969.1126295215
-25297.626255463
-26810.9413175745
-27516.4640569639
-27374.3401394798
-26352.6380096677
-24559.3367565421
-22004.0822237583
-18775.6542285477
-15039.0595640287
-10846.4740030127
-6370.30394964576
-1767.48564178555
2885.06546385582
7388.26351734897
11642.8425609012
15562.6760465834
18976.0418632058
21856.177945986
24118.996891562
25661.5624112886
26516.1167182405
26613.316274612
25943.9336568405
24576.1579813093
22474.422608851
19727.7472993716
16422.3769971428
12578.9357132301
8366.1952411263
3876.97011265873
-797.833472939947
-5451.62541361948
-9998.06364695919
-14287.9614670308
-18137.1691210174
-21487.1944402787
-24176.9873926141
-26107.4602368504
-27270.8464313887
-27557.258582035
-26990.6912391722
-25619.1793204007
-23427.6097073521
-20553.4147416197
-17078.0917666993
-13082.4929716237
-8763.73785262354
-4202.57822815771
456.826590037955
5026.55857292056
9448.12106688426
13556.7088223869
17227.9882104021
20426.2447781718
23004.2004918642
24926.4957206511
26171.2209546315
26640.8551583001
26385.5805685734
25394.3943929135
23646.6604013238
21255.3848228834
18229.0293360088
14640.749400916
10635.9236149896
6256.05283944532
1662.58409203896
-2998.43937786323
-7647.42814540301
-12073.6147198565
-16164.1127342541
-19816.7614827941
-22840.4464604179
-25190.4176185611
-26776.4146175964
-27499.8436761384
-27404.9339891148
-26447.992136317
-24660.8793825496
-22162.9589450131
-18971.2322633025
-15230.3465035935
-11086.8118016635
-6609.19083138471
-1997.76455388708
2628.45995814878
7168.69183768207
11430.645965162
15354.3677742175
18826.7771590828
21712.2140393192
24009.1978631034
25613.1724703967
26473.7796521343
26627.9793496058
26003.7735163805
24645.9265014872
22609.7720991954
19881.0541435236
16590.1454065634
12801.95502965
8578.44584151746
4105.40544935562
-543.368828771706
-5231.0921486605
-9765.35243341681
-14070.2863173036
-17966.8629183874
-21315.2722899621
-24058.8353579118
-26037.1068602235
-27213.2197272077
-27574.3056245468
-27041.438876797
-25695.640187839
-23573.711743392
-20708.3323052602
-17265.583171239
-13312.1418211918
-8976.14603410809
-4445.50146657757
210.280789465189
4813.91891606352
9216.32649235596
13358.5748769365
17065.846808217
20263.534959414
22901.8064460612
24850.2996930962
26115.9844798733
26655.6294779958
26412.6170469612
25460.9732892874
23772.9985849647
21382.7220670062
18405.3930700565
14848.7381140371
10838.3591629385
6503.19127379732
1903.38676371774
-2766.89872305174
-7390.94511114123
-11859.4850133533
-15962.3844184818
-19621.6768364585
-22710.3724051019
-25074.756642938
-26700.7161839474
-27491.0642690001
-27409.2323467684
-26513.9655714247
-24774.2261377086
-22284.5334638666
-19155.0664561127
-15427.9128442747
-11287.7519413791
-6852.06312935956
-2219.1654595365
2405.19175999299
6936.26195426998
11244.9707722619
15166.3491693285
18664.0143415084
21605.1386945114
23902.2598823516
25558.7022345416
26467.1604737306
26629.8974345774
26072.0296220922
24741.8775618687
22725.6619590016
20059.6456394386
16771.1587993301
13010.5259956606
8827.18230800297
4333.88967701518
-289.278349914399
-4974.26045769552
-9543.445782184
-13835.401602939
-17770.7581381873
-21158.408456199
-23908.2783808501
-25955.935393252
-27164.9451028085
-27551.5368700587
-27095.1686660995
-25766.9373209826
-23683.244495108
-20875.2412744302
-17430.5554229143
-13517.9148456415
-9202.63625988297
-4653.66165553106
-29.7568955176007
4593.09767216185
9021.04429924576
13150.9027056911
16908.243789305
20128.4128663209
22780.2760960214
24793.8133178859
26072.9782527349
26651.3294570961
26470.4276125171
25523.7195926727
23890.3260893695
21542.6116751798
18566.3442718307
15064.6870812451
11065.1860410212
6730.67931267094
2168.70260882086
-2526.19551818051
-7150.7924027662
-11612.6027712097
-15767.9865944176
-19432.1274534215
-22550.0069870761
-24977.2010779595
-26613.9147633207
-27462.2175635163
-27432.7064854629
-26552.4545250643
-24881.9800541793
-22418.4415210584
-19304.8975026707
-15636.1178743743
-11490.3901842076
-7068.80657088478
-2464.22557966761
2192.36480676499
6712.90861033256
11032.2972447021
15000.0816188861
18493.3509175454
21479.9864042402
23822.7666129458
25485.2725870951
26459.5707780213
26654.6457510507
26117.1031150116
24854.0186369555
22849.9098074313
20217.1708989768
16978.4573191344
13209.5046080949
9063.51418884016
4588.29260945355
-58.3462793406627
-4715.67208507371
-9305.67881633099
-13628.0933000037
-17557.7432749384
-21001.1954796174
-23780.075820733
-25848.3396851238
-27131.3899046949
-27538.685203536
-27123.7311816757
-25862.9598716216
-23787.8182985848
-21029.7359794329
-17623.1234194709
-13706.8415096021
-9435.64698585128
-4884.45117426684
-248.531486198094
4348.67986989863
8814.94757360162
12959.3570185964
16718.1945366479
19997.7436298624
22661.631062297
24706.036575815
26046.8933125622
26633.1259129676
26505.984825261
25606.913025753
23979.6752324262
21693.7364326828
18739.9179739734
15246.3019132472
11297.5276627329
6955.44203077332
2403.91258646848
-2268.49490985762
-6928.58721202732
-11382.4473330711
-15553.1165548858
-19270.8153343959
-22390.3530183368
-24868.102579182
-26559.5569877595
-27422.1108586446
-27463.2162141424
-26620.3215619347
-24973.0240571474
-22577.4362931433
-19472.6218159216
-15829.1650620034
-11727.3237870166
-7287.16310610329
-2703.96158216199
1945.85038031768
6501.3707182481
10807.9348881137
14807.4894225899
18338.7080867066
21325.2824391386
23728.1197303313
25420.9931879008
26411.6711440206
26676.6801519978
26156.1775477778
24926.4070902412
22981.7627538006
20351.4603007435
17156.8373509165
13420.399717328
9264.36990605889
4830.26444894739
180.005364073181
-4495.68307857911
-9064.21675920015
-13426.0852268583
-17377.1104375814
-20829.7813906545
-23673.1740526447
-25760.451964367
-27082.5536904122
-27559.4133615304
-27157.0221478767
-25952.5477170712
-23928.8402892985
-21175.6221109613
-17824.7863044803
-13925.1633419018
-9653.12846382635
-5141.25491743837
-484.135323989769
4116.59611894525
8570.69891069644
12763.7025399321
16527.1888827249
19826.1809863803
22548.2927997307
24599.1981934321
25988.1411277962
26624.8730647697
26507.9061321437
25673.9118506998
24077.147755273
21806.2486326335
18915.3494073882
15426.3803759785
11496.3454520882
7194.06029739388
2621.68043835168
-2032.95829406174
-6690.86385288072
-11184.8589423314
-15346.1777939692
-19101.228843626
-22268.6005807138
-24752.2635266097
-26508.9880040513
-27412.3399778587
-27476.2602561874
-26705.6724386695
-25079.3325931163
-22717.9261049876
-19669.7869906848
-16022.3448737362
-11955.9448597226
-7539.83431150917
-2933.11714427661
1690.26214171172
6260.79335367468
10598.3134419824
14588.0835407159
18168.1674192597
21182.0483057649
23595.948022568
25356.5289334358
26365.3545046377
26662.1686258528
26207.7070676165
24986.4536494301
23088.7542307414
20503.3099783593
17309.4016600553
13623.1441126747
9478.36341486327
5038.9996800904
425.805714208015
-4274.52538940417
-8852.72590859112
-13206.18327797
-17210.151111012
-20675.0748267057
-23545.5281925863
-25698.2905229242
-27032.8772752553
-27565.2125152657
-27220.7956575318
-26027.0430361053
-24068.7024548611
-21347.83536597
-18005.5254916328
-14159.606946091
-9884.89785543175
-5380.00787254261
-748.846086324741
3886.36214875359
8335.24520681868
12536.6158750116
16352.1650926422
19650.0143998127
22412.2736125813
24514.3353749728
25909.8018225557
26608.520235559
26527.0220730224
25709.6654462705
24180.7735579834
21923.0490150106
19057.6258775543
15622.7490751671
11684.2770897676
7410.27575684358
2859.89028178232
-1820.13099000579
-6456.58663191334
-10970.283358599
-15167.082010542
-18917.2179321243
-22140.979031829
-24660.8016987037
-26434.1647417997
-27411.7968720665
-27501.7200913415
-26766.7241415556
-25207.6016604057
-22853.9963908229
-19850.5450288264
-16242.3713396534
-12165.0770298433
-7789.22333388804
-3183.88157241733
1461.5021502706
6008.72304745065
10380.7351728086
14392.8136040079
17974.2659894748
21046.8619058703
23476.053022814
25264.0529871909
26338.3896613756
26643.2170473692
26237.0437178898
25069.3937050784
23176.5801735787
20648.8482115773
17481.332073027
13799.8733773198
9705.79375839607
5258.3791565454
648.764554017967
-4025.53091900768
-8643.1049868899
-12997.8670787091
-17012.596858839
-20535.6382928307
-23414.2925073254
-25614.2606772386
-27007.1703435026
-27552.9944269567
-27277.3136588293
-26123.633031271
-24180.9312890341
-21526.7937618167
-18194.9188446241
-14365.1276798883
-10133.4311438523
-5608.89140329239
-993.3267173075
3634.67613453766
8124.04295093536
12313.7536510234
16158.4609390983
19503.1038366839
22263.9536008525
24422.5730916832
25856.6832064039
26569.6336123394
26556.7468621112
25760.1880818938
24261.3211024028
22065.7804512467
19201.3545217422
15805.4940837567
11904.5035415915
7615.99207757508
3101.39565186543
-1579.17320086494
-6239.23422216727
-10733.6916986207
-14971.456736395
-18748.3167537661
-21978.3245168767
-24567.4363115441
-26364.7586327978
-27374.4047000262
-27538.2480762255
-26818.3888982876
-25308.3951061249
-23008.2830078764
-20007.4845928936
-16451.2025071725
-12391.2064786628
-8007.12143199362
-3440.62292233935
1225.66129764675
5785.80934065781
10145.0258144493
14206.6756287042
17799.2968469398
20890.9822381449
23382.4604625318
25177.4731694296
1078779.60831749
26661.0403823324
26260.4512378545
25155.1125977849
23299.215666936
20780.2750448005
17672.767621841
13998.375193553
9917.60220486932
5510.0350474331
876.890926040281
-3784.10860627028
-8395.87261142541
-12796.4396346059
-16805.6090440901
-20361.9817843238
-23293.7965144671
-25501.2925193344
-26958.819618945
-27548.3727250585
-27292.4791479379
-26214.3461643861
-24293.0577519513
-21665.1846578997
-18393.999680151
-14558.5939782013
-10353.0807557434
-5854.3168087786
-1211.32732423995
3395.8846947162
7900.87594132264
12128.0359937304
15962.9085009081
19357.2032103216
22152.7258181863
24318.7302539803
25820.3419938915
26556.0112444869
26571.294693546
25841.1792732192
24349.7649992057
22199.0306333236
19382.3937166353
15980.8779220473
12128.5605817134
7855.96128483575
3328.03481564889
-1316.9198291456
-5998.84858582206
-10509.1346967335
-14738.6661279608
-18570.5126422807
-21816.1811145568
-24429.9174502989
-26298.6905154136
-27322.4264228361
-27537.3035916405
-26880.7343828489
-25381.0165825915
-23142.3300445157
-20174.5289896839
-16622.7944099916
-12615.6178680938
-8225.22274603382
-3658.12651742602
979.621669053195
5578.76239097015
9940.79353637704
14007.1182808844
17655.2071276142
20749.7886434713
23279.3212487821
25128.7179767781
26254.6430981307
26678.5501426649
26317.6155311018
25222.9777176768
23434.8934261766
20932.6633092931
17844.9510808996
14223.903345454
10134.1347559547
5751.90335790736
1140.36870139112
-3552.17966030344
-8143.24015378506
-12562.1552304418
-16615.6883913412
-20166.9595021657
-23153.0142989571
-25403.3630575905
-26876.2691930392
-27539.8507291854
-27311.629671873
-26265.4510901494
-24414.2188795176
-21791.9597332492
-18559.5500075395
-14767.327844874
-10547.7287368109
-6083.6033386628
-1443.22414288771
3189.10434850806
7672.77632528729
11937.3666007677
15798.4340768454
19191.4710392115
22050.6898424409
24236.7881141762
25760.8868634357
26565.9888986676
26592.3764042111
25906.6769827967
24470.7587044722
22322.9673522497
19562.4457478584
16188.3198435894
12333.5923730282
8110.73123928955
3575.33262281232
-1074.65926825386
-5732.51123140124
-10283.251361319
-14518.9978765822
-18363.4654777177
-21671.0499707896
-24292.1222987359
-26207.4592946594
-27295.0930258992
-27519.2186020396
-26928.3178971531
-25473.4356816284
-23246.2827490893
-20342.8153257964
-16802.6859259017
-12808.165571102
-8461.59248310437
-3871.78767383171
