BJDtcb1 BJDtcb2 BJDtdb1 BJDtdb2 RvTot
2442000 0.504785304155974 2442000 0.504803041275593 -1384.79694444489
2442010 0.50420291712991 2442010 0.504220499206583 2376.34171112418
2442020 0.503506132792931 2442020 0.503523559828431 5554.18836908186
2442030 0.502716766410425 2442030 0.502734038406187 8046.47220031244
2442040 0.501858180388133 2442040 0.501875297345232 9813.37531563118
2442050 0.500968416345448 2442050 0.500985378264366 10729.5578527396
2442060 0.500052977235285 2442060 0.50006978411642 10803.9839510931
2442070 0.499150877409201 2442070 0.499167529252346 10044.7407950942
2442080 0.49829053561835 2442080 0.498307032422858 8428.86696635062
2442090 0.497498569171109 2442090 0.497514910935919 6075.9939899188
2442100 0.496798078758151 2442100 0.496814265481846 3037.33114973756
2442110 0.496210728888764 2442110 0.49622676056959 -604.535407372134
2442120 0.495753183658489 2442120 0.495769060294432 -4666.91585561267
2442130 0.495437741904231 2442130 0.495453463493089 -9077.98061362941
2442140 0.495273520973039 2442140 0.495289087512466 -13684.0574082161
2442150 0.495263310795054 2442150 0.495278722282662 -18308.1522361987
2442160 0.495406244911664 2442160 0.495421501345079 -22879.466771243
2442170 0.495697522652917 2442170 0.49571262402984 -27220.5927752935
2442180 0.496126660805807 2442180 0.496141607124098 -31214.5997368381
2442190 0.49668106288703 2442190 0.496695854144749 -34800.9988766987
2442200 0.497344287063797 2442200 0.497358923259256 -37822.1027127984
2442210 0.498096260216987 2442210 0.498110741348809 -40242.3925546955
2442220 0.498916354378894 2442220 0.498930680446024 -42013.1184177824
2442230 0.49978085481408 2442230 0.499795025815829 -43031.8332896756
2442240 0.500665142968575 2442240 0.500679158904636 -43336.6862174681
2442250 0.501545223325198 2442250 0.501559084195636 -42893.7662730203
2442260 0.50239543241636 2442260 0.502409138221639 -41683.1098332282
2442270 0.503191970858522 2442270 0.503205521599473 -39794.5552973987
2442280 0.503912508081015 2442280 0.503925903758818 -37219.6678465963
2442290 0.504535128097089 2442290 0.504548368713261 -34034.0044483623
2442300 0.505042086472402 2442300 0.505055172028737 -30356.1047431042
2442310 0.505417825352534 2442310 0.505430755851066 -26218.5966434581
2442320 0.505649682516672 2442320 0.505662457959632 -21782.4055842922
2442330 0.505730577325353 2442330 0.505743197715083 -17173.5101878252
2442340 0.505656227403611 2442340 0.505668692742517 -12474.8497733776
2442350 0.505427406245025 2442350 0.505439716535502 -7893.81908342061
2442360 0.505050531788732 2442360 0.505062687033075 -3537.9296664849
2442370 0.504535005296091 2442370 0.504547005496451 471.228117403604
2442380 0.503896091563286 2442380 0.503907936721575 3944.09605833939
2442390 0.503153075237896 2442390 0.50316476535573 6823.39967418135
2442400 0.502327531024227 2442400 0.502339066102884 8987.33508487035
2442410 0.50144561473987 2442410 0.501456994780225 10332.3320076919
2442420 0.500545955488896 2442420 0.500557180491223 10876.3531504295
2442430 0.499633138332963 2442430 0.499644208297466 10545.3377219482
2442440 0.498747954865166 2442440 0.498758869791418 9361.10379783917
2442450 0.49791696430629 2442450 0.49792772419345 7412.76050094156
2442460 0.497165518908217 2442460 0.497176123755052 4702.45938071577
2442470 0.496516866112098 2442470 0.496527315917013 1366.1876146773
2442480 0.495989091219082 2442480 0.495999385980203 -2473.90535142686
2442490 0.495597784515648 2442490 0.49560792423086 -6744.25594683279
2442500 0.49535378016653 2442500 0.495363764833549 -11247.6931807636
2442510 0.495262239728783 2442510 0.495272069345244 -15877.0513753877
2442520 0.495325458753652 2442520 0.495335133317156 -20514.579482488
2442530 0.495539958417214 2442530 0.495549477925416 -24966.5271050406
2442540 0.495897912156438 2442540 0.495907276607112 -29170.0187039188
2442550 0.496388884781067 2442550 0.496398094172152 -32992.2846213335
2442560 0.496997198810982 2442560 0.497006253140658 -36296.9285625815
2442570 0.497705111888414 2442570 0.497714011155137 -39065.1529460429
2442580 0.498492771445813 2442580 0.498501515648346 -41176.4684098028
2442590 0.499336780704322 2442590 0.499345369841793 -42581.070406526
2442600 0.50021400220093 2442600 0.500222436272822 -43289.4886518437
2442610 0.5010998365842 2442610 0.501108115590381 -43218.3654234095
2442620 0.501968618181728 2442620 0.501976742122461 -42410.4250771274
2442630 0.50279676479149 2442630 0.502804733667406 -40893.25606146
2442640 0.503560206882408 2442640 0.50356802069451 -38645.4854701202
2442650 0.504236662326194 2442650 0.50424432107583 -35787.6911389857
2442660 0.504807123958895 2442660 0.504814627647709 -32363.0120532203
2442670 0.505253554834269 2442670 0.505260903464185 -28431.7671719687
2442680 0.505562386560494 2442680 0.505569580133644 -24162.0064922289
2442690 0.505723919992095 2442690 0.505730958510764 -19616.6534697664
2442700 0.505731192968087 2442700 0.505738076434666 -14938.0006435602
2442710 0.505583469789703 2442710 0.505590198206596 -10301.6060897408
2442720 0.505283795234642 2442720 0.505290368604205 -5786.13511159396
2442730 0.504839381413963 2442730 0.50484579973844 -1583.64422419713
2442740 0.504263691121692 2442740 0.504269954403118 2171.23909613132
2442750 0.503572929883933 2442750 0.503579038124093 5402.75697768461
2442760 0.502787685802293 2442760 0.502793639002651 7933.84736903471
2442770 0.501932671839621 2442770 0.501938470001259 9716.16150218882
2442780 0.501044873099711 2442780 0.501050516223139 10704.897617401
2442790 0.5001294938025 2442790 0.500134981888144 10807.4362647626
2442800 0.499226841621576 2442800 0.499232174669239 10083.0823556781
2442810 0.498363920561486 2442810 0.498369098570551 8535.03536697423
2442820 0.49756807444107 2442820 0.497573097410498 6190.81747021546
2442830 0.496863166145734 2442830 0.496868034074116 3196.04764591353
2442840 0.496269610118474 2442840 0.496274323004083 -403.844321107499
2442850 0.495805550012822 2442850 0.495810107853649 -4477.39657985462
2442860 0.495483217788354 2442860 0.495487620582202 -8849.19869324166
2442870 0.495311097053817 2442870 0.495315344798356 -13451.0196312862
2442880 0.49529368510335 2442880 0.495297777796183 -18097.9835133715
2442890 0.495429242742601 2442890 0.495433180381355 -22646.3410036284
2442900 0.49571318562993 2442900 0.495716968212305 -27020.800020705
2442910 0.496136365535078 2442910 0.496139993058914 -31038.4746406306
2442920 0.496684864962763 2442920 0.496688337426118 -34625.1185355648
2442930 0.497343255075653 2442930 0.497346572476823 -37705.9159191634
2442940 0.498091955742993 2442940 0.498095118080578 -40143.6386638804
2442950 0.498909111457428 2442950 0.498912118730365 -41939.3836759353
2442960 0.499772489524 2442960 0.499775341731574 -43025.5877706484
2442970 0.500656952319614 2442970 0.500659649461498 -43340.7759697302
2442980 0.501537854341867 2442980 0.501540396418115 -42943.5644818175
2442990 0.502390975055348 2442990 0.502393362066392 -41788.0273288485
2443000 0.503191179426889 2443000 0.503193411373548 -39905.3102340073
2443010 0.503916290497501 2443010 0.503918367380941 -37386.5456931963
2443020 0.504545266685033 2443020 0.504547188506743 -34228.1242257248
2443030 0.505058696700547 2443030 0.50506046346232 -30553.5804209908
2443040 0.505441881427336 2443040 0.50544349313119 -26466.6128555308
2443050 0.50568210653379 2443050 0.505683563181943 -22023.119993945
2443060 0.505770882170868 2443060 0.505772183765668 -17414.7531045789
2443070 0.505705140234368 2443070 0.505706286778211 -12743.0045395915
2443080 0.505484649246269 2443080 0.505485640741554 -8123.34613181364
2443090 0.505115159284096 2443090 0.505115995733133 -3763.84340769926
2443100 0.504607185584663 2443100 0.5046078669896 254.613037318523
2443110 0.503974383434467 2443110 0.503974909797238 3785.51792795032
2443120 0.503236331756138 2443120 0.503236703078376 6672.85646035121
2443130 0.502415206015132 2443130 0.502415422298125 8882.13617576526
2443140 0.501535547442035 2443140 0.50153560868669 10286.8917060669
2443150 0.500637127734176 2443150 0.500637033940785 10842.4610439604
2443160 0.499724382230112 2443160 0.499724133398896 10578.4358842493
2443170 0.49883708759809 2443170 0.498836683728656 9437.47871135274
2443180 0.498003384594964 2443180 0.498002825686479 7503.2088415878
2443190 0.497247758347629 2443190 0.497247044398884 4859.02844834646
2443200 0.496593406807629 2443200 0.496592537817053 1536.86556824263
2443210 0.496059871877959 2443210 0.496058847843679 -2287.47806867597
2443220 0.495661471279066 2443220 0.495660292198986 -6513.72464418022
2443230 0.495409956741486 2443230 0.49540862261333 -11034.8916065093
2443240 0.495311300293715 2443240 0.495309811115111 -15649.1193650911
2443250 0.49536660504336 2443250 0.495364960811921 -20277.0474877978
2443260 0.495573941921995 2443260 0.495572142635365 -24770.2449192941
2443270 0.49592535884656 2443270 0.495923404502505 -28963.3175155402
2443280 0.496409778072988 2443280 0.496407668669445 -32812.4449180967
2443290 0.49701317072652 2443290 0.497010906261645 -36166.0958782958
2443300 0.497716795347966 2443300 0.497714375820204 -38934.0973356981
2443310 0.498500973392724 2443310 0.498498398800826 -41100.7996207173
2443320 0.499343495088845 2443320 0.499340765431906 -42545.7990507071
2443330 0.500219748827357 2443330 0.500216864104856 -43267.804123033
2443340 0.501106080422577 2443340 0.501103040634356 -43265.7119924746
2443350 0.501977133482328 2443350 0.501973938628624 -42479.3803676319
2443360 0.502807954613966 2443360 0.502804604695403 -40989.2537533758
2443370 0.503575848756497 2443370 0.503572343774052 -38805.1022603097
2443380 0.504257834886812 2443380 0.504254174841815 -35948.6798063632
2443390 0.504834148154794 2443390 0.504830333048885 -32559.0634901852
2443400 0.505288042029824 2443400 0.5052840718649 -28666.678606018
2443410 0.505604459222356 2443410 0.505600334000549 -24382.4254973134
2443420 0.50577379581725 2443420 0.505769515540841 -19870.1591032692
2443430 0.505789801580999 2443430 0.505785366252365 -15192.0260042702
2443440 0.505649974671582 2443440 0.505645384293139 -10530.9813236892
2443450 0.505358215211222 2443450 0.505353469785326 -6034.57602865215
2443460 0.504921575805404 2443460 0.504916675334302 -1792.05566545122
2443470 0.50435210914692 2443470 0.504347053632671 1991.75027198417
2443480 0.503667294975134 2443480 0.503662084419527 5227.74484772286
2443490 0.502886724667348 2443490 0.502881359071867 7827.16525286336
2443500 0.502034577406527 2443500 0.502029056772281 9635.7626242745
2443510 0.501149079393001 2443510 0.501143403720508 10654.5464271372
2443520 0.500233957677356 2443520 0.500228126967076 10830.9548455136
2443530 0.499330057055646 2443530 0.499324071307404 10122.8306080137
2443540 0.498465152726221 2443540 0.498459011939413 8623.08398668631
2443550 0.497665176721812 2443550 0.497658880895431 6334.28594038227
2443560 0.496955388969642 2443560 0.496948938102289 3341.5125530859
2443570 0.496356213729995 2443570 0.496349607819956 -206.392685564883
2443580 0.495884978097406 2443580 0.495878217142697 -4259.08537743395
2443590 0.495555651138142 2443590 0.495548735136562 -8641.02196641608
2443600 0.495375941762167 2443600 0.495368870711397 -13203.9017938921
2443610 0.495350437644047 2443610 0.495343211541695 -17868.3373556797
2443620 0.495478859424612 2443620 0.495471478268292 -22431.792956433
2443630 0.49575534923317 2443630 0.495747813020587 -26793.1653999449
2443640 0.496171733987746 2443640 0.49616404271673 -30858.9584304974
2443650 0.496714781813092 2443650 0.496706935481679 -34458.1821456891
2443660 0.49736779411991 2443660 0.497359792726395 -37556.5135226374
2443670 0.498112711737074 2443670 0.498104555280032 -40057.2591105585
2443680 0.498927368754152 2443680 0.498919057232502 -41860.4862840345
2443690 0.499788783963185 2443690 0.499780317376202 -42990.810688
2443700 0.500673357736037 2443700 0.500664736083362 -43364.9735827181
2443710 0.501555260702065 2443710 0.501546483983739 -42973.1032723275
2443720 0.502410350285327 2443720 0.502401418501766 -41877.0992337116
2443730 0.503214507871731 2443730 0.503205421023725 -40032.4161522475
2443740 0.503943930861472 2443740 0.503934688950178 -37521.2559458164
2443750 0.50457844013236 2443750 0.504569043159251 -34422.0653733379
2443760 0.505098744360944 2443760 0.505089192327792 -30754.7541308159
2443770 0.505488666926467 2443770 0.505478959835292 -26678.6865462379
2443780 0.505736777409981 2443780 0.505726915262982 -22276.6446113095
2443790 0.505833725884492 2443790 0.505823708684013 -17644.5577555455
2443800 0.50577563974211 2443800 0.505765467490555 -12982.9071266645
2443810 0.505563474983669 2443810 0.505553147683428 -8371.77866375543
2443820 0.505201402974112 2443820 0.505190920627507 -3966.13906512976
2443830 0.504700072933217 2443830 0.504689435542408 49.4973541665789
2443840 0.504073780989408 2443840 0.504062988556333 3611.67936034566
2443850 0.503340362447504 2443850 0.503329414973825 6553.29454019175
2443860 0.502522997891327 2443860 0.502511895378345 8770.85451093367
2443870 0.50164610255777 2443870 0.501634845006407 10239.3581624093
2443880 0.50074819138804 2443880 0.500736778798623 10840.8413763299
2443890 0.499835208700981 2443890 0.499823641073743 10594.9165824456
2443900 0.498946087761499 2443900 0.49893436509607 9529.10308866254
2443910 0.498108679513215 2443910 0.498096801808794 7618.55932552964
2443920 0.497348936536536 2443920 0.497336903791917 4998.02678899509
2443930 0.496688779739548 2443930 0.496676591953189 1736.51613461682
2443940 0.496148526619101 2443940 0.496136183789142 -2091.9352988948
2443950 0.495743385646508 2443950 0.495730887770854 -6293.25879745231
2443960 0.495483848000444 2443960 0.495471195076837 -10787.2870230753
2443970 0.49537742120843 2443970 0.495364613234496 -15428.9467777316
2443980 0.495425204334823 2443980 0.495412241308172 -20035.3046731366
2443990 0.495624514435177 2443990 0.495611396353459 -24540.9850190473
2444000 0.49596913417846 2444000 0.495955861039422 -28773.1061577588
2444010 0.496447108360688 2444010 0.496433680162262 -32610.9171217033
2444020 0.49704449434006 2444020 0.497030911080394 -36010.6464224573
2444030 0.497743882168307 2444030 0.49773014384582 -38815.7639871803
2444040 0.498524188662801 2444040 0.498510295276239 -40988.714072255
2444050 0.499364142403321 2444050 0.499350093951758 -42499.2926023462
2444060 0.500239618199477 2444060 0.500225414682363 -43246.0463093188
2444070 0.501125570067497 2444070 0.50111121148467 -43270.8375908041
2444080 0.501998097021984 2444080 0.501983583373651 -42551.671779719
2444090 0.502831729413796 2444090 0.502817060700561 -41069.7950242987
2444100 0.503602919898631 2444100 0.503588096121461 -38928.3576994777
2444110 0.504290112095528 2444110 0.504275133255726 -36122.2396869131
2444120 0.504872188918536 2444120 0.504857055017733 -32726.7652221582
2444130 0.505332397242181 2444130 0.505317108282265 -28880.718686717
2444140 0.505656530035496 2444140 0.505641086018577 -24614.5675138622
2444150 0.505833245884296 2444150 0.505817646812661 -20088.0142891116
2444160 0.50585709747558 2444160 0.505841343351598 -15444.2709769993
2444170 0.505725524835101 2444170 0.505709615661183 -10761.6023527687
2444180 0.505440911737179 2444180 0.505424847515697 -6247.30861815052
2444190 0.505011575774655 2444190 0.504995356507853 -2013.77945690722
2444200 0.504448603303296 2444200 0.504432228993247 1826.37353292945
2444210 0.503768736792868 2444210 0.503752207441383 5080.97699426543
2444220 0.50299280183921 2444220 0.50297611744778 7702.44279772632
2444230 0.502143442340341 2444230 0.502126602910103 9583.93563834768
2444240 0.501259216835574 2444240 0.501242222367069 10619.1649277691
2444250 0.500344614417939 2444250 0.500327464911639 10843.4632469819
2444260 0.499438929717277 2444260 0.499421625173043 10199.5147520547
2444270 0.498571224109099 2444270 0.498553764526342 8710.36407882296
2444280 0.497767460596004 2444280 0.497749845973733 6480.96208866653
2444290 0.49705189300237 2444290 0.497034123339216 3522.5209806351
2444300 0.496446695360455 2444300 0.496428770654708 -22.5806533815571
2444310 0.495968476460553 2444310 0.495950396710244 -4022.37453476361
2444320 0.495631109318512 2444320 0.495612874521458 -8407.98164322038
2444330 0.495443861086081 2444330 0.495425471239954 -12973.6019405088
2444340 0.495410096282716 2444340 0.495391551385136 -17607.7445690711
2444350 0.495530402451004 2444350 0.495511702499581 -22207.3803300197
2444360 0.495799739941461 2444360 0.495780884933885 -26572.4835985181
2444370 0.496208668774126 2444370 0.496189658708233 -30640.9101691697
2444380 0.496745496382349 2444380 0.496726331256155 -34294.6847566889
2444390 0.497393352327901 2444390 0.497374032139685 -37395.4623943322
2444400 0.498133383673959 2444400 0.498113908422292 -39932.4731899932
2444410 0.498945089908784 2444410 0.498925459592555 -41792.3070477034
2444420 0.499804430783734 2444420 0.499784645402204 -42926.2686106759
2444430 0.500687833413816 2444430 0.500667892966612 -43360.7097692869
2444440 0.501570655683108 2444440 0.501550560170239 -43012.495741827
2444450 0.502427199724726 2444450 0.5024069491466 -41926.3279125117
2444460 0.503234205518518 2444460 0.503213799875902 -40148.5475932439
2444470 0.503968149691639 2444470 0.503947588985666 -37657.1625955736
2444480 0.504607350297834 2444480 0.504586634529973 -34576.4872488038
2444490 0.505133866659183 2444490 0.505112995831181 -30962.8075834932
2444500 0.505530785125124 2444500 0.505509759238991 -26878.6400197455
2444510 0.505785749208576 2444510 0.505764568266514 -22499.2801006226
2444520 0.505890707852389 2444520 0.505869371856722 -17890.5955632943
2444530 0.505840277383897 2444530 0.505818786337036 -13196.0493846941
2444540 0.5056353870637 2444540 0.505613740968039 -8603.04625640628
2444550 0.505280944671718 2444550 0.505259143529575 -4181.48834071947
2444560 0.50478582995117 2444560 0.504763873764728 -120.007994712088
2444570 0.504165208991124 2444570 0.504143097762328 3438.3108159774
2444580 0.503436813056239 2444580 0.50341454678676 6432.72957746398
2444590 0.502622421205201 2444590 0.502599999896372 8694.15937250461
2444600 0.501747878460214 2444600 0.501725302112969 10177.0295446622
2444610 0.500839231558684 2444610 0.500816500173551 10853.0026674162
2444620 0.499925061450154 2444620 0.499902175027218 10636.0430751373
2444630 0.499034176571673 2444630 0.499011135110574 9599.45546888552
2444640 0.498193072106093 2444640 0.498169875606059 7761.01951082031
2444650 0.49742829005411 2444650 0.497404938513957 5147.85152047779
2444660 0.49676268144755 2444660 0.49673917486574 1922.14282682117
2444670 0.496215226019074 2444670 0.496191564393776 -1860.81595590996
2444680 0.495802610580028 2444680 0.495778793909151 -6075.28973183801
2444690 0.495535406368588 2444690 0.495511434649877 -10536.2489720059
2444700 0.495420275849576 2444700 0.495396149080674 -15173.2680328218
2444710 0.495460137226521 2444710 0.495435855405024 -19805.6918858642
2444720 0.495651529018479 2444720 0.495627092142037 -24289.5357141797
2444730 0.49598821394947 2444730 0.495963622015831 -28556.9905160338
2444740 0.49645973570619 2444740 0.496434988713263 -32423.5682325864
2444750 0.497050826777582 2444750 0.497025924723513 -35820.3471611278
2444760 0.497744944797572 2444760 0.497719887680764 -38687.3896915521
2444770 0.498521666427603 2444770 0.498496454246776 -40883.0759512197
2444780 0.499358359658139 2444780 0.499332992412361 -42414.767880579
2444790 0.500243953481216 2444790 0.500218431169731 -43230.7740361381
2444800 0.501129870684566 2444800 0.501104193307368 -43267.728109303
2444810 0.50200290711344 2444810 0.501977074670728 -42592.2221015268
2444820 0.502839138731298 2444820 0.502813151223643 -41167.7367536398
2444830 0.503613756750645 2444830 0.503587614179003 -39028.1362396741
2444840 0.504305139332117 2444840 0.504278841697778 -36277.1916241259
2444850 0.504893181143421 2444850 0.504866728447988 -32912.2579441141
2444860 0.50535943217286 2444860 0.505332824418221 -29061.3577135915
2444870 0.505690445420559 2444870 0.50566368260881 -24843.9558097123
2444880 0.50587495423311 2444880 0.505848036366524 -20312.7100540681
2444890 0.505905955822113 2444890 0.50587888290307 -15661.7177573917
2444900 0.505782164662328 2444900 0.505754936693227 -11003.5089410557
2444910 0.505505058217409 2444910 0.505477675200628 -6449.90186937926
2444920 0.505082074193723 2444920 0.505054536131523 -2208.81458540658
2444930 0.504525581185772 2444930 0.504497888080224 1641.45026222138
2444940 0.503850757273847 2444940 0.503822909126786 4958.69630443389
2444950 0.503078544352916 2444950 0.503050541165852 7588.59493593541
2444960 0.502232383215259 2444960 0.502204224989337 9513.29958531249
2444970 0.501337597357179 2444970 0.501309284093154 10614.2042389366
2444980 0.500422910001144 2444980 0.500394441699325 10848.7823410693
2444990 0.499516065703912 2444990 0.499487442364177 10268.4283488977
2445000 0.498644959115867 2445000 0.498616180737662 8825.73145201992
2445010 0.497837218958455 2445010 0.497808285540797 6607.759381709
2445020 0.497116358642774 2445020 0.497087270184317 3713.81473189986
2445030 0.496504302976897 2445030 0.496475059475953 181.073940753933
2445040 0.496019276293993 2445040 0.495989877748592 -3808.32918057002
2445050 0.495673931234375 2445050 0.495644377642353 -8148.33805588839
2445060 0.495478300828531 2445060 0.495448592187565 -12736.45004256
2445070 0.495436703923501 2445070 0.495406840231203 -17362.7178325725
2445080 0.495548474206548 2445080 0.49551845546054 -21949.7625047515
2445090 0.495810094246897 2445090 0.495779920444857 -26360.242892757
2445100 0.496212083988494 2445100 0.496181755128244 -30424.4965590058
2445110 0.496741933516095 2445110 0.496711449595653 -34102.7497323887
2445120 0.49738452248993 2445120 0.497353883507547 -37254.6722962079
2445130 0.498120025639334 2445130 0.49808923159357 -39792.5174582964
2445140 0.498927900127303 2445140 0.498896951017036 -41707.6827019839
2445150 0.499785462606775 2445150 0.499754358431235 -42883.6632442494
2445160 0.500679210153425 2445160 0.50064795091205 -43327.4104208077
2445170 0.501562150949333 2445170 0.501530736642292 -43049.4645413423
2445180 0.50242063783492 2445180 0.50238906846259 -41987.200347119
2445190 0.503229931251749 2445190 0.503198206814894 -40230.494215952
2445200 0.503967876539752 2445200 0.503935997039479 -37803.4745821293
2445210 0.504612210366568 2445210 0.504580175804328 -34725.2530240504
2445220 0.50514404931069 2445220 0.505111859688226 -31142.9498628574
2445230 0.505547880419647 2445230 0.505515535738945 -27097.2776530177
2445240 0.505809913115806 2445240 0.505777413379065 -22700.6730808304
2445250 0.505921994900664 2445250 0.505889340110208 -18124.3870264209
2445260 0.505879597101715 2445260 0.50584678725994 -13430.8204411264
2445270 0.50568186704823 2445270 0.505648902157544 -8805.50405809488
2445280 0.505334463763421 2445280 0.505301343826144 -4403.15685016473
2445290 0.504846219422394 2445290 0.504812944440711 -303.051749912587
2445300 0.504230797026185 2445300 0.504197367002067 3292.60290714734
2445310 0.503507253924548 2445310 0.503473668859672 6291.90206778608
2445320 0.502696438286904 2445320 0.502662698182623 8620.66226060047
2445330 0.501823507874004 2445330 0.501789612731282 10134.154235195
2445340 0.500915929670627 2445340 0.50088187949 10839.767911618
2445350 0.500000830544825 2445350 0.49996662532641 10697.6246357254
2445360 0.499107406781539 2445360 0.499073046525 9675.79613884971
2445370 0.498263138128475 2445370 0.49822862283305 7882.28930360838
2445380 0.497493119631468 2445380 0.497458449296005 5326.78136324806
2445390 0.496821537502156 2445390 0.496786712125129 2098.09340517459
2445400 0.496267542582776 2445400 0.496232562162363 -1638.71464599711
2445410 0.495846887926926 2445410 0.495811752461058 -5831.42718056093
2445420 0.495571942355139 2445420 0.495536651841558 -10307.603020117
2445430 0.495448669634395 2445430 0.495413224070748 -14910.2548376274
2445440 0.495479895935718 2445440 0.49544429531961 -19562.5584617444
2445450 0.495663756988577 2445450 0.495628001317641 -24065.3602381586
2445460 0.49599274178795 2445460 0.495956831059937 -28319.4342216171
2445470 0.496457199752494 2445470 0.496421133965302 -32238.693793185
2445480 0.497042679285224 2445480 0.497006458436978 -35651.4767263103
2445490 0.497731303722387 2445490 0.497694927811486 -38531.0609601579
2445500 0.498504108576923 2445500 0.498467577602064 -40793.4075459199
2445510 0.499338224256378 2445510 0.499301538216609 -42335.6306552246
2445520 0.500221705218207 2445520 0.500184864112762 -43189.9901951176
2445530 0.501107595223026 2445530 0.501070599051869 -43287.1667318051
2445540 0.501981523062953 2445540 0.501944371826268 -42617.9384394613
2445550 0.502819479525737 2445550 0.502782173224083 -41250.4694021361
2445560 0.503597846869519 2445560 0.503560385503819 -39149.1800871435
2445570 0.504293347629443 2445570 0.504255731200983 -36403.0462763017
2445580 0.504886605024657 2445580 0.504848833535021 -33098.259639297
2445590 0.505359454205418 2445590 0.505321527656474 -29255.4265109214
2445600 0.505696882300049 2445600 0.505658800693896 -25043.2091860945
2445610 0.505888874142345 2445610 0.505850637481239 -20554.4003095539
2445620 0.505927655264801 2445620 0.505889263551117 -15879.9024355489
2445630 0.505810984372402 2445630 0.50577243760855 -11226.2716775863
2445640 0.505541619179413 2445640 0.50550291736776 -6679.85290336502
2445650 0.50512543980402 2445650 0.505086582946844 -2389.84442346177
2445660 0.504574783641012 2445660 0.504535771740397 1459.56416435364
2445670 0.503905638422885 2445670 0.503866471480668 4809.84674179483
2445680 0.503137190395366 2445680 0.503097868413088 7499.89898686182
2445690 0.502293787667209 2445690 0.502254310646031 9430.58850036039
2445700 0.501400783666015 2445700 0.501361151606706 10594.1172463931
2445710 0.500485601457901 2445710 0.500445814360805 10880.5663760427
2445720 0.499577520844498 2445720 0.499537578709506 10313.9266253804
2445730 0.498703675544874 2445730 0.498663578371455 8942.24940448214
2445740 0.497891307557251 2445740 0.497851055344451 6750.44370255319
2445750 0.497165533356506 2445750 0.497125126102982 3875.98764222428
2445760 0.496547002134031 2445760 0.496506439838121 400.422439576931
2445770 0.496054581290893 2445770 0.496013863950641 -3595.35594399914
2445780 0.495701987342388 2445780 0.495661114955627 -7914.18411122511
2445790 0.495497936234651 2445790 0.495456908799077 -12475.2793354128
2445800 0.495448195882374 2445800 0.495407013395593 -17133.1935819364
2445810 0.495552226885084 2445810 0.495510889344714 -21703.8814378934
2445820 0.495805652928091 2445820 0.495764160331814 -26124.9889727891
2445830 0.496200757877901 2445830 0.496159110223521 -30233.0327832795
2445840 0.496724203192051 2445840 0.496682400477579 -33903.7321429673
2445850 0.497360804454549 2445850 0.49731884667823 -37101.4092883681
2445860 0.498092204256624 2445860 0.498050091416988 -39678.8481905414
2445870 0.498896435140744 2445870 0.498854167236661 -41600.7283775199
2445880 0.499751592364325 2445880 0.499709169395005 -42845.1719259839
2445890 0.500633245059668 2445890 0.500590667024701 -43314.6981561575
2445900 0.501516099128378 2445900 0.501473366027746 -43059.4832576046
2445910 0.502376293226041 2445910 0.502333405060094 -42068.5239174261
2445920 0.503188672334223 2445920 0.503145629103704 -40321.1731105706
2445930 0.503930137240585 2445930 0.503886938946593 -37930.3905539799
2445940 0.504579876493307 2445940 0.504536523137263 -34904.6020576375
2445950 0.505117668976334 2445950 0.505074160559975 -31316.9181364426
2445960 0.5055278727864 2445960 0.505484209311705 -27313.1492028458
2445970 0.50579767856698 2445970 0.505753860036124 -22933.2736496057
2445980 0.505917148554905 2445980 0.50587317497022 -18340.1773083289
2445990 0.505882440950668 2445990 0.505838312314545 -13679.3911333952
2446000 0.505692799629982 2446000 0.505648515944822 -9030.49544146495
2446010 0.505352285340742 2446010 0.505307846608885 -4604.26359095834
2446020 0.504870960928146 2446020 0.504826367151775 -513.60833196035
2446030 0.50426162794038 2446030 0.50421687912148 3139.27572909806
2446040 0.50354249969647 2446040 0.503497595836743 6163.22394263474
2446050 0.502735756339033 2446050 0.502690697439839 8513.43916850781
2446060 0.50186505681082 2446060 0.50181984287315 10099.6235007087
2446070 0.500958074317694 2446070 0.50091270534211 10823.1440581177
2446080 0.500042890226705 2446080 0.499997366213333 10728.2226681785
2446090 0.499147137993506 2446090 0.499101458942046 9771.16158372303
2446100 0.498299468901062 2446100 0.498253634810769 7983.84367745073
2446110 0.497525191830993 2446110 0.497479202700729 5485.67176269544
2446120 0.49684744116046 2446120 0.496801296988728 2293.68513853173
2446130 0.496287074226202 2446130 0.496240775011182 -1447.41969712009
2446140 0.495859217027934 2446140 0.495812762767571 -5591.08585431876
2446150 0.495576065866584 2446150 0.495529456558634 -10068.7198752317
2446160 0.495445212366735 2446160 0.495398448008837 -14679.9929340942
2446170 0.495468252319383 2446170 0.495421332909152 -19305.9703046988
2446180 0.495644088626087 2446180 0.495597014161152 -23845.8118494226
2446190 0.495966177856319 2446190 0.495918948334413 -28107.2657188413
2446200 0.496423532523117 2446200 0.496376147942143 -32030.4182842504
2446210 0.497003158066654 2446210 0.496955618424716 -35502.239313171
2446220 0.497687144912673 2446220 0.497639450208153 -38387.125751751
2446230 0.498455626656949 2446230 0.498407776888537 -40683.6325273322
2446240 0.499287393830915 2446240 0.499239388997629 -42287.2513645281
2446250 0.500169495244278 2446250 0.500121335345338 -43147.663451109
2446260 0.501054859215027 2446260 0.501006544250383 -43301.8258722104
2446270 0.501930402299987 2446270 0.501881932269791 -42677.7642805447
2446280 0.502770530329944 2446280 0.502721905234744 -41320.223077513
2446290 0.503552327921492 2446290 0.503503547762194 -39284.5013615569
2446300 0.504252960615098 2446300 0.50420402539296 -36556.3236514612
2446310 0.504851484500856 2446310 0.50480239421746 -33266.0004611516
2446320 0.505330971228712 2446320 0.505281725885906 -29478.4095694648
2446330 0.505675811273588 2446330 0.505626410873458 -25255.4394481787
2446340 0.50587499606094 2446340 0.505825440605744 -20782.8171900906
2446350 0.505922042544915 2446350 0.505872332037013 -16134.3545649638
2446360 0.505813249653129 2446360 0.505763384094938 -11446.8008887266
2446370 0.505551269176198 2446370 0.505501248570092 -6912.56623594476
2446380 0.505142824626162 2446380 0.505092648974412 -2607.52959396236
2446390 0.504598441780107 2446390 0.504548111084821 1289.24751358453
2446400 0.503934889435956 2446400 0.503884403698982 4637.90925593792
2446410 0.503171414778732 2446410 0.503120774001619 7381.73549206039
2446420 0.50233087636762 2446420 0.502280080551563 9360.22725563662
2446430 0.501440014036972 2446430 0.501389063182751 10536.4840923285
2446440 0.500525495108467 2446440 0.500474389216449 10897.6159983738
2446450 0.499615993978288 2446450 0.499564733048395 10364.6819063685
2446460 0.498740157188325 2446460 0.498688741220036 9018.71968650042
2446470 0.497923930188104 2446470 0.497872359180493 6896.56118072925
2446480 0.497192917654914 2446480 0.497141191606661 4030.91926609321
2446490 0.496568866266721 2446490 0.496516985176168 587.924167742379
2446500 0.496069284851725 2446500 0.49601724871694 -3365.69906264844
2446510 0.495709260890008 2446510 0.495657069708829 -7701.77538078401
2446520 0.495497780020031 2446520 0.495445433790154 -12232.3642073967
2446530 0.495439697760249 2446530 0.495387196479296 -16914.8569294399
2446540 0.495536220444846 2446540 0.49548356411042 -21491.2620379306
2446550 0.495782311265939 2446550 0.495729499875721 -25893.2223090632
2446560 0.496170143450471 2446560 0.496117177002262 -30034.9286229309
2446570 0.496687896468698 2446570 0.496634774960485 -33741.6179024299
2446580 0.497319065449969 2446580 0.497265788879993 -36938.7303860666
2446590 0.498046052786462 2446590 0.497992621153237 -39576.4763478477
2446600 0.498847670413407 2446600 0.498794083715776 -41524.5493868412
2446610 0.499700568801191 2446610 0.499646827038359 -42789.9480684261
2446620 0.500581695348319 2446620 0.500527798519847 -43329.4687774157
2446630 0.501465525727194 2446630 0.501411473833042 -43086.5133275238
2446640 0.50232720113153 2446640 0.502272994172041 -42135.0874209196
2446650 0.503143074430752 2446650 0.503088712406636 -40447.4841180191
2446660 0.503888876562179 2446660 0.503834359474522 -38057.7015594747
2446670 0.504543609520006 2446670 0.50448893737022 -35080.934010425
2446680 0.505088137618795 2446680 0.50503331040859 -31524.8742379747
2446690 0.505505118062902 2446690 0.505450135794254 -27517.5068182417
2446700 0.505782386309604 2446700 0.505727248984681 -23180.3889207639
2446710 0.50591024774554 2446710 0.505854955366657 -18580.9638258755
2446720 0.505883235504468 2446720 0.505827788074027 -13910.923596226
2446730 0.505701771939297 2446730 0.505646169459694 -9286.97712358503
2446740 0.505369188155729 2446740 0.505313430629305 -4818.39921310385
2446750 0.504894574469346 2446750 0.504838661898305 -715.347345091949
2446760 0.50429198218785 2446760 0.504235914574175 2944.17681355057
2446770 0.503578158017175 2446770 0.503521935362591 6033.13486702229
2446780 0.502775304724023 2446780 0.502718927029911 8397.76666652717
2446790 0.501907956899156 2446790 0.501851424166516 10023.9168463136
2446800 0.501002120685642 2446800 0.50094543291507 10814.3627250436
2446810 0.500086882703385 2446810 0.500030039895027 10732.5211449324
2446820 0.499190075518878 2446820 0.499133077672448 9837.14231249073
2446830 0.498339116467128 2446830 0.498281963581916 8097.20328462026
2446840 0.497560935037898 2446840 0.497503627112775 5607.25800024186
2446850 0.496878103161497 2446850 0.496820640194985 2477.53360692466
2446860 0.496311138635327 2446860 0.496253520625629 -1249.84324256854
2446870 0.495876807964906 2446870 0.495819034909966 -5390.1420517314
2446880 0.495586160938305 2446880 0.495528232835894 -9825.85062047138
2446890 0.495447452549776 2446890 0.495389369397539 -14458.6061242733
2446900 0.495463348161262 2446900 0.495405109956802 -19082.7159700046
2446910 0.49563144283593 2446910 0.495573049576887 -23613.4060428148
2446920 0.495946607291241 2446920 0.495888058975335 -27921.6153023515
2446930 0.496397990353234 2446930 0.496339286978352 -31842.4310131158
2446940 0.496971654701834 2446940 0.496912796266081 -35339.5069093675
2446950 0.497651359023108 2446950 0.497592345524839 -38280.0719178304
2446960 0.49841642290045 2446960 0.498357254338341 -40576.717870554
2446970 0.499245463919823 2446970 0.499186140292883 -42232.7938721737
2446980 0.500115312860031 2446980 0.500055834167627 -43141.0450947372
2446990 0.501000605992505 2446990 0.500940972234397 -43303.7439552128
2447000 0.501877370045716 2447000 0.501817581222038 -42746.0045590214
2447010 0.502720590818202 2447010 0.502660646929473 -41416.1530632309
2447020 0.50350582114663 2447020 0.503445722193749 -39400.3688733686
2447030 0.504211498004723 2447030 0.504151243988924 -36734.8825231676
2447040 0.50481625548808 2447040 0.504755846410926 -33446.9826594214
2447050 0.505302101169396 2447050 0.505241537032733 -29686.9462919379
2447060 0.505654775739162 2447060 0.505594056545053 -25504.1515754195
2447070 0.50586195505218 2447070 0.505801080802883 -21011.2821796456
2447080 0.505916926108111 2447080 0.505855896805984 -16388.4316252322
2447090 0.505816891965833 2447090 0.50575570761328 -11703.626966814
2447100 0.505562734454512 2447100 0.505501395053923 -7134.4750782316
2447110 0.505161825987682 2447110 0.505100331541333 -2842.42349338665
2447120 0.504624811412862 2447120 0.504563161922862 1093.12996713833
2447130 0.503966869887585 2447130 0.503905065355811 4481.03189025451
2447140 0.503208506124576 2447140 0.503146546552583 7231.1620129423
2447150 0.502371869986386 2447150 0.502309755375389 9279.04531264783
2447160 0.501482886158073 2447160 0.501420616508883 10488.20247017
2447170 0.500581196776063 2447170 0.500518772088877 10874.8446060523
2447180 0.499671047127171 2447180 0.49960846740212 10418.417942548
2447190 0.498792925758772 2447190 0.49873019099536 9090.02597410523
2447200 0.497973826977576 2447200 0.497910937174887 7006.10570049552
2447210 0.497237954752196 2447210 0.49717490990894 4197.84100989863
2447220 0.49660829790166 2447220 0.496545098016191 752.907326250383
2447230 0.496102685644122 2447230 0.496039330714515 -3159.91931271987
2447240 0.495735197035107 2447240 0.495671687059221 -7475.28341548412
2447250 0.495516554952749 2447250 0.495452889928277 -12024.2087367741
2447260 0.495451084533443 2447260 0.495387264458009 -16643.4581213907
2447270 0.495539766597621 2447270 0.495475791468835 -21270.4595082883
2447280 0.495779162182191 2447280 0.495715031997717 -25697.9623088759
2447290 0.496160260335668 2447290 0.496095975093308 -29827.2864387965
2447300 0.496671917216625 2447300 0.496607476914355 -33584.0419439421
2447310 0.497298541602904 2447310 0.497233946238941 -36803.6347034329
2447320 0.498021160141554 2447320 0.49795640971441 -39454.9705453646
2447330 0.498819945097626 2447330 0.49875503960612 -41468.0773855915
2447340 0.49967149585414 2447340 0.499606435297454 -42746.9536927624
2447350 0.500551738308298 2447350 0.500486522685986 -43325.1697785412
2447360 0.501436704499155 2447360 0.501371333811145 -43144.3110814142
2447370 0.502300561466806 2447370 0.502235035713425 -42197.8184735294
2447380 0.503119396968806 2447380 0.503053716150752 -40564.7860876346
2447390 0.503870124922105 2447390 0.503804289040435 -38217.5586463265
2447400 0.504530190525226 2447400 0.504464199581344 -35241.8563383645
2447410 0.505081034774582 2447410 0.505014888770183 -31740.7905602351
2447420 0.505505679349629 2447420 0.505439378286669 -27727.0367758565
2447430 0.505790354480059 2447430 0.505723898360708 -23407.854635859
2447440 0.505926521502416 2447440 0.505859910328976 -18846.2611204988
2447450 0.505908101234023 2447450 0.505841335008893 -14151.6174418758
2447460 0.505734428746904 2447460 0.50566750747249 -9527.12840129007
2447470 0.50541009528195 2447470 0.505343018960588 -5065.28693380609
2447480 0.504942797194087 2447480 0.504875565827993 -909.754355618527
2447490 0.504346413883181 2447490 0.504279027474358 2754.61330731786
2447500 0.503638575349498 2447500 0.503571033899673 5872.75660698855
2447510 0.502839794081218 2447510 0.502772097591801 8300.20094852599
2447520 0.501975410949711 2447520 0.50190755942172 9937.10353365552
2447530 0.501071629990771 2447530 0.501003623424817 10785.5120415573
2447540 0.500156159463709 2447540 0.500087997859972 10755.997516558
2447550 0.499258308391457 2447550 0.499189991749665 9875.63603639855
2447560 0.49840495112314 2447560 0.498336479442603 8204.96891257229
2447570 0.497622455175261 2447570 0.49755382845488 5741.1772021415
2447580 0.49693498573697 2447580 0.496866203975271 2627.3748241981
2447590 0.496361971553617 2447590 0.496293034748826 -1041.62847812385
2447600 0.495920646865551 2447600 0.495851555015627 -5187.50062258723
2447610 0.49562319267192 2447610 0.495553945774631 -9609.10909666932
2447620 0.495476613904155 2447620 0.495407211957161 -14213.5594762644
2447630 0.495484909018168 2447630 0.49541535201907 -18869.9007323132
2447640 0.495645950744039 2447640 0.495576238690467 -23390.0744002224
2447650 0.495953667760639 2447650 0.495883800650319 -27708.9683818369
2447660 0.49639892331357 2447660 0.496328901144369 -31676.1892677382
2447670 0.496967133751062 2447670 0.496896956521074 -35168.8748471975
2447680 0.497641815687498 2447680 0.497571483395072 -38154.9454353079
2447690 0.498403768469728 2447690 0.498333281113511 -40497.2416050706
2447700 0.499230301947147 2447700 0.499159659526137 -42159.3807379446
2447710 0.500098846609513 2447710 0.50002804912306 -43133.4583543271
2447720 0.500984769450862 2447720 0.500913816898696 -43328.4877790075
2447730 0.501862619660639 2447730 0.501791512042885 -42791.0691370436
2447740 0.502708625660006 2447740 0.502637362977158 -41528.2673910993
2447750 0.503498084101896 2447750 0.50342666635483 -39524.5916608545
2447760 0.50420832397846 2447760 0.504136751168405 -36892.3763394737
2447770 0.504819387494008 2447770 0.504747659622501 -33654.2469088536
2447780 0.505312135145683 2447780 0.505240252214559 -29885.8936757258
2447790 0.505671957988181 2447790 0.505599919999502 -25740.460982136
2447800 0.505887547177055 2447800 0.505815354133056 -21265.6635480894
2447810 0.505950533586575 2447810 0.505878185489623 -16619.3512342712
2447820 0.505858627023393 2447820 0.505786123875889 -11962.2093450395
2447830 0.505612926628931 2447830 0.50554026843326 -7372.24319761186
2447840 0.505219197954679 2447840 0.505146384713136 -3049.73812271394
2447850 0.504689230354084 2447850 0.504616262068782 880.101510297873
2447860 0.504037533748376 2447860 0.503964410421201 4323.80534933806
2447870 0.503283629926289 2447870 0.503210351558827 7102.94687526337
2447880 0.502451009387526 2447880 0.502377575980997 9171.43768111227
2447890 0.501564291536849 2447890 0.501490703092092 10454.6436296826
2447900 0.500663139646403 2447900 0.500589396163642 10861.9891732174
2447910 0.499752837600461 2447910 0.499678939079838 10446.9830639756
2447920 0.498872403401887 2447920 0.498798349842938 9186.05982847256
2447930 0.498049864726845 2447930 0.497975656128673 7110.69105595352
2447940 0.497309789195404 2447940 0.49723542555673 4352.34832529016
2447950 0.496674048275136 2447950 0.496599529594343 945.486761768209
2447960 0.49616213345043 2447960 0.496087459725597 -2970.98636887768
2447970 0.495787693790168 2447970 0.495712865019164 -7242.27204726569
2447980 0.495561084370662 2447980 0.495486100551196 -11793.4262755735
2447990 0.495488298891758 2447990 0.495413160021443 -16428.5259791558
2448000 0.495569265234171 2448000 0.495493971310624 -21026.0617035477
2448010 0.49580108022427 2448010 0.495725631245152 -25491.8892288511
2448020 0.496175806427153 2448020 0.496100202390248 -29635.7676956232
2448030 0.496681024115962 2448030 0.496605265019246 -33394.023201899
2448040 0.497302425353483 2448040 0.497226511195156 -36672.9898809486
2448050 0.498021159483322 2448050 0.497945090261874 -39336.3504088182
2448060 0.498816390567242 2448060 0.498740166281486 -41380.3189749013
2448070 0.499666307840181 2448070 0.499589928489271 -42720.8747616579
2448080 0.500546009899125 2448080 0.500469475482598 -43306.9709153802
2448090 0.501431194690846 2448090 0.501354505208617 -43179.8605303079
2448100 0.502297348468588 2448100 0.502220503920953 -42280.995159386
2448110 0.503119107483443 2448110 0.50304210787109 -40654.1163573552
2448120 0.503873872856907 2448120 0.503796718180874 -38368.6542605573
2448130 0.504539641878745 2448130 0.504462332140412 -35415.3980215786
2448140 0.505096292403526 2448140 0.505018827604586 -31922.3754691713
2448150 0.505527965804432 2448150 0.505450345946821 -27975.8728822266
2448160 0.505820458898691 2448160 0.505742683984569 -23632.5960668472
2448170 0.505964083194747 2448170 0.505886153226421 -19081.4545589176
2448180 0.505954054185969 2448180 0.505875969165822 -14409.3077151968
2448190 0.505788425497393 2448190 0.505710185427837 -9749.33122140623
2448200 0.50547143014976 2448200 0.505393035033142 -5295.44661143768
2448210 0.505011708472454 2448210 0.504933158310988 -1124.63747932618
2448220 0.50442145546666 2448220 0.504342750262369 2593.28982480451
2448230 0.503718856139623 2448230 0.503639995894249 5713.08634402088
2448240 0.502924657092693 2448240 0.502845641807657 8191.08752250836
2448250 0.502062714257476 2448250 0.501983543933828 9882.73929323199
2448260 0.501172086860745 2448260 0.501092761498929 10745.402378653
2448270 0.500256799385061 2448270 0.500177318985459 10786.5108608299
2448280 0.499356991447301 2448280 0.499277356009675 9943.51215274733
2448290 0.498501080765863 2448290 0.498421290289531 8296.02405694163
2448300 0.497714339324403 2448300 0.497634393808293 5900.18810297632
2448310 0.497021204852156 2448310 0.496941104294816 2795.11124029611
2448320 0.496442320020426 2448320 0.496362064420085 -848.571548954475
2448330 0.495993654737892 2448330 0.495913244092531 -4950.56109109363
2448340 0.495688579828012 2448340 0.495608014135404 -9390.75474705691
2448350 0.495534524964751 2448350 0.495453804222555 -13973.8363717343
2448360 0.495534501796638 2448360 0.495453626002466 -18623.3982422554
2448370 0.495688069513512 2448370 0.495607038664982 -23178.5578907127
2448380 0.495988663518379 2448380 0.495907477613211 -27484.6353737727
2448390 0.496426810738386 2448390 0.496345469774448 -31483.6257332507
2448400 0.49698951728913 2448400 0.496908021264491 -35014.2577802716
2448410 0.497659119298425 2448410 0.497577468211427 -38000.2703769492
2448420 0.498416897603565 2448420 0.49833509145284 -40402.6142820278
2448430 0.499241096469559 2448430 0.499159135254078 -42095.1157671014
2448440 0.500107747435536 2448440 0.500025631154641 -43085.5690840494
2448450 0.500993387957659 2448450 0.500911116611055 -43350.5135329189
2448460 0.501872525048828 2448460 0.501790098636616 -42830.1329840964
2448470 0.502720287218268 2448470 0.502637705740935 -41600.6396201131
2448480 0.503513415808731 2448480 0.503430679267123 -39656.4153734429
2448490 0.504228250332191 2448490 0.504145358727523 -37026.6412803692
2448500 0.504844418262816 2448500 0.504761371596617 -33832.5967337493
2448510 0.505343938432216 2448510 0.505260736706295 -30096.7569022946
2448520 0.505710620668896 2448520 0.505627263885313 -25941.3001978793
2448530 0.505933552545035 2448530 0.505850040706019 -21507.6141521382
2448540 0.50600475724838 2448540 0.505921090356283 -16857.6895426648
2448550 0.505920316406261 2448550 0.505836494463496 -12182.1930950538
2448560 0.505682367113117 2448560 0.505598390122065 -7613.70622099993
2448570 0.505296123175198 2448570 0.505211991138158 -3251.75304541305
2448580 0.504772253412112 2448580 0.504687966331218 699.458299169466
2448590 0.504126550609979 2448590 0.50404210848712 4152.37760835614
2448600 0.503377242187855 2448600 0.503292645024637 6996.03329214915
2448610 0.502547596433568 2448610 0.502462844231237 9083.53993904327
2448620 0.501663285164794 2448620 0.501578377924198 10405.8019418991
2448630 0.50075084877448 2448630 0.500665786496055 10882.7206150216
2448640 0.49983948938711 2448640 0.499754272070839 10480.2784772957
2448650 0.498957088614495 2448650 0.498871716259929 9275.65857715278
2448660 0.498130431761138 2448660 0.498044904367412 7251.72614776183
2448670 0.497385586644214 2448670 0.497299904210061 4498.24786665948
2448680 0.496744079935865 2448680 0.496658242459681 1147.16281325289
2448690 0.496224894812245 2448690 0.496138902292134 -2752.65606307371
2448700 0.495843352161931 2448700 0.49575720459576 -7024.78846198078
2448710 0.495608813138002 2448710 0.495522510523491 -11536.6293982298
2448720 0.495527673159596 2448720 0.495441215494367 -16193.3029720425
2448730 0.495601079415035 2448730 0.49551446669669 -20793.9972809034
2448740 0.495824876911943 2448740 0.495738109138151 -25247.6671166443
2448750 0.496192322641182 2448750 0.496105399809717 -29440.1404997031
2448760 0.496691328111503 2448760 0.496604250220323 -33203.0511851629
2448770 0.49730656960652 2448770 0.497219336653824 -36501.4592726226
2448780 0.498020798088134 2448780 0.497933410072387 -39223.0341428508
2448790 0.49881253780288 2448790 0.49872499472288 -41273.5041920357
2448800 0.499659594739036 2448800 0.499571896593925 -42662.1355510331
2448810 0.500550100758375 2448810 0.500462247547481 -43298.7196690822
2448820 0.501435265932574 2448820 0.501347257655978 -43181.7793492117
2448830 0.502302553974412 2448830 0.502214390632392 -42347.9777342747
2448840 0.503127381742786 2448840 0.503039063336 -40751.5676377838
2448850 0.503885613618052 2448850 0.503797140147533 -38481.1436524797
2448860 0.50455629139689 2448860 0.504467662863995 -35590.7982252408
2448870 0.505119084571056 2448870 0.505030300977458 -32102.4249809483
2448880 0.505556933195376 2448880 0.505467994543012 -28173.3668790674
2448890 0.505856923495654 2448890 0.505767829786662 -23871.1906433948
2448900 0.506008221546078 2448900 0.505918972782764 -19299.2070436678
2448910 0.506005571424528 2448910 0.505916167609277 -14644.8351482429
2448920 0.505848051450729 2448920 0.505758492585944 -9987.05266702572
2448930 0.505538221678244 2448930 0.505448507766287 -5493.03752423992
2448940 0.505085121193684 2448940 0.504995252236775 -1331.58313623946
2448950 0.5045012877033 2448950 0.504411263703467 2423.68958507478
2448960 0.503803314389662 2448960 0.503713135348674 5591.32245826001
2448970 0.503013067774391 2448970 0.50292273369368 8075.23556128336
2448980 0.502153918832946 2448980 0.502063429713578 9832.16479491274
2448990 0.501252415382372 2448990 0.501161771225006 10735.6308837827
2449000 0.500337174329937 2449000 0.500246375134785 10799.5574818009
2449010 0.499435632394348 2449010 0.499344678161198 10028.8748229948
2449020 0.498576249879336 2449020 0.498485140607534 8402.3425423918
2449030 0.497785549808645 2449030 0.497694285497126 6040.69233802455
2449040 0.497086616756703 2449040 0.496995197404045 2992.29077844722
2449050 0.49650109539456 2449050 0.496409520999004 -655.382036066978
2449060 0.496045541150924 2449060 0.495953811710454 -4721.93506096634
2449070 0.49573223981838 2449070 0.495640355330791 -9138.08468668014
2449080 0.495570229179786 2449080 0.495478189642733 -13744.6916743177
2449090 0.495562217075561 2449090 0.495470022486655 -18367.8176782187
2449100 0.495707338889611 2449100 0.495614989246478 -22938.0038472721
2449110 0.496000680118078 2449110 0.49590817541842 -27275.0413497268
2449120 0.496431712962509 2449120 0.496339053204191 -31264.2532380152
2449130 0.496987853323289 2449130 0.496895038504371 -34843.7475781941
2449140 0.497652550588432 2449140 0.497559580707231 -37857.0651941917
2449150 0.498405723799245 2449150 0.498312598854389 -40270.4720614942
2449160 0.499226746525185 2449160 0.499133466515622 -42030.6666947435
2449170 0.500103407826525 2449170 0.500009972751392 -43039.2612617216
2449180 0.500987968364122 2449180 0.500894378223298 -43336.007026202
2449190 0.501867982174924 2449190 0.501774236968478 -42881.6507202578
2449200 0.502717768014858 2449200 0.502623867743259 -41660.6741855884
2449210 0.503513590081624 2449210 0.50341953474571 -39763.3843180492
2449220 0.504233075084443 2449220 0.504138864685396 -37178.4611869079
2449230 0.504854343728357 2449230 0.5047599782677 -33985.1342149571
2449240 0.505359729971504 2449240 0.505265209451034 -30299.469457465
2449250 0.505733649387939 2449250 0.505638973809694 -26155.2778447768
2449260 0.505963524240683 2449260 0.505868693606897 -21716.3316188042
2449270 0.506042337188508 2449270 0.505947351501524 -17103.4758529713
2449280 0.505965825956727 2449280 0.505870685218953 -12403.3451616558
2449290 0.505734882059749 2449290 0.505639586273579 -7825.19835975594
2449300 0.505355951837486 2449300 0.505260501005214 -3471.66320684384
2449310 0.50483850061277 2449310 0.504742894736544 532.488029002092
2449320 0.504197916684719 2449320 0.504102155766449 3997.65732454129
2449330 0.503453473706438 2449330 0.503357557747734 6868.37500602641
2449340 0.502626818486548 2449340 0.502530747488684 9021.37181372011
2449350 0.501744190590413 2449350 0.501647964554258 10356.1184321508
2449360 0.50083260024416 2449360 0.500736219170163 10888.5202160292
2449370 0.499919824066259 2449370 0.499823287954438 10544.0600881444
2449380 0.499035081720697 2449380 0.498938390570618 9350.16286066157
2449390 0.498204867981264 2449390 0.49810802179208 7391.60329103874
2449400 0.497454547907614 2449400 0.497357546678087 4670.47732953245
2449410 0.496807283129481 2449410 0.496710126858013 1327.91238261434
2449420 0.496281101107827 2449420 0.496183789792541 -2518.20317605859
2449430 0.495891583355725 2449430 0.495794116994501 -6793.01699698868
2449440 0.495649433849109 2449440 0.495551812439663 -11297.8811613597
2449450 0.495559781186221 2449450 0.495462004726189 -15928.6454057272
2449460 0.495624892073591 2449460 0.495526960560572 -20563.7812211366
2449470 0.49584117134531 2449470 0.495743084776962 -25012.2405355507
2449480 0.496200787663354 2449480 0.496102546037453 -29213.0859220797
2449490 0.496693247050401 2449490 0.496594850364887 -33028.0549400223
2449500 0.497302807114358 2449500 0.497204255367416 -36325.3260800344
2449510 0.498011743703594 2449510 0.497913036893683 -39087.0433522953
2449520 0.498800117749727 2449520 0.498701255875615 -41188.6581830388
2449530 0.499644523333137 2449530 0.499545506393956 -42583.8133427566
2449540 0.500533431250226 2449540 0.500434259245285 -43282.373196553
2449550 0.501419004109745 2449550 0.501319677039097 -43200.8920971319
2449560 0.502287185561137 2449560 0.50218770342505 -42383.7242421073
2449570 0.503114426955804 2449570 0.503014789754915 -40855.1719279668
2449580 0.50387660828144 2449580 0.503776816016755 -38597.9184983293
2449590 0.504551516733501 2449590 0.504451569406375 -35733.048663566
2449600 0.505120161390186 2449600 0.505020059002267 -32298.7618156172
2449610 0.505564519285359 2449610 0.505464261838573 -28361.0380559539
2449620 0.505871119042595 2449620 0.505770706539079 -24087.3846829908
2449630 0.506030258254775 2449630 0.505929690696814 -19537.3990831385
2449640 0.506035051958087 2449640 0.505934329348075 -14857.6529053069
2449650 0.505884868498098 2449650 0.505783990838438 -10221.3271333795
2449660 0.50558274594847 2449660 0.505481713241518 -5707.61888004692
2449670 0.505136005145736 2449670 0.505034817393734 -1510.68769163963
2449680 0.504558182265192 2449680 0.504456839470172 2239.66625344342
2449690 0.503865493747877 2449690 0.503763995911621 5463.68911310647
2449700 0.503078631906376 2449700 0.502976979030343 7983.76580176683
2449710 0.502222317832733 2449710 0.502120509918001 9757.33342293408
2449720 0.50132199165501 2449720 0.501220028702261 10735.0849049295
2449730 0.500406072209339 2449730 0.500303954218814 10825.0214202065
2449740 0.499503227521371 2449740 0.499400954492869 10089.9318498508
2449750 0.498640485918899 2449750 0.498538057851797 8530.62609574278
2449760 0.497845206242491 2449760 0.497742623135743 6176.77432175077
2449770 0.497141137020902 2449770 0.497038398873094 3173.06266216544
2449780 0.496548697742467 2449780 0.496445804551868 -435.343699803344
2449790 0.49608598669045 2449790 0.495982938455048 -4512.79806825062
2449800 0.495765124414545 2449800 0.495661921132142 -8888.6970441526
2449810 0.495594585991757 2449810 0.495491227660021 -13493.9381078155
2449820 0.495578769578251 2449820 0.495475256194784 -18139.060490844
2449830 0.495715869973783 2449830 0.495612201536213 -22685.9574546446
2449840 0.496001290832138 2449840 0.495897467338167 -27057.4893947346
2449850 0.496425759110297 2449850 0.496321780557767 -31069.0129226099
2449860 0.49697534535069 2449860 0.496871211737661 -34649.8800416642
2449870 0.497634603826808 2449870 0.497530315151581 -37721.9053889441
2449880 0.498383849817533 2449880 0.498279406078712 -40150.6007166305
2449890 0.499201253863727 2449890 0.499096655060255 -41938.2118295167
2449900 0.500064552368973 2449900 0.499959798500139 -43012.3032631841
2449910 0.500948564518722 2449910 0.500843655584205 -43317.0594712555
2449920 0.50182869333011 2449920 0.501723629329969 -42910.9824639051
2449930 0.502680670367613 2449930 0.502575451302285 -41743.5963004575
2449940 0.503479392200263 2449940 0.503374018070574 -39851.1929720717
2449950 0.504202744701216 2449950 0.504097215508335 -37323.9721652738
2449960 0.50482963717914 2449960 0.504723952924561 -34157.0352364132
2449970 0.505340747262481 2449970 0.505234907948001 -30476.1713077523
2449980 0.505721441521676 2449980 0.505615447149316 -26382.6939021988
2449990 0.505958985261122 2449990 0.505852835833102 -21935.6915153465
2450000 0.506045005279346 2450000 0.505938700798016 -17326.4210947659
2450010 0.505976479626293 2450010 0.505870020094049 -12652.3321464345
2450020 0.505753207953942 2450020 0.505646593373183 -8034.81919088536
2450030 0.505381056984867 2450030 0.505274287357901 -3679.98531531669
2450040 0.50487054783721 2450040 0.504763623166183 334.922492319484
2450050 0.504235413900126 2450050 0.504128334186971 3858.20711249332
2450060 0.503495322709592 2450060 0.503388087955934 6737.12548287963
2450070 0.502672418885833 2450070 0.502565029092958 8937.33270345318
2450080 0.501791334352165 2450080 0.501683789520975 10330.4071035053
2450090 0.500891873621618 2450090 0.500784173752397 10876.3013758497
2450100 0.499978429358229 2450100 0.499870574451195 10600.5867107245
2450110 0.499090838499172 2450110 0.498982828553923 9446.76324081049
2450120 0.49825719953199 2450120 0.49814903454769 7503.84437129666
2450130 0.497501964578528 2450130 0.497393644553961 4849.4496244653
2450140 0.496848339516904 2450140 0.496739864450495 1517.31899358682
2450150 0.496315752699536 2450150 0.496207122589408 -2312.67499559804
2450160 0.495918505291496 2450160 0.495809720135551 -6544.48089365376
2450170 0.495668311022258 2450170 0.495559370818216 -11069.0027152613
2450180 0.495570995084827 2450180 0.495461899830317 -15684.3014389196
2450190 0.495627658546922 2450190 0.495518408239556 -20312.1149627612
2450200 0.495836305986948 2450200 0.49572690062437 -24801.0612469189
2450210 0.496188866068453 2450210 0.496079305648433 -28990.2539460735
2450220 0.496674271349308 2450220 0.496564555869784 -32834.3819943822
2450230 0.497278408509177 2450230 0.497168537968309 -36178.4423593053
2450240 0.497982489697388 2450240 0.497872464093627 -38938.7533877459
2450250 0.498766854889712 2450250 0.498656674221811 -41096.9172978469
2450260 0.499609203883713 2450260 0.499498868150775 -42530.7072448326
2450270 0.500484956427649 2450270 0.500374465629156 -43243.4948562837
2450280 0.50137047465786 2450280 0.50125982879366 -43230.6092912621
2450290 0.502240332436161 2450290 0.502129531506496 -42434.2356166883
2450300 0.503069654301441 2450300 0.502958698306941 -40935.7014046289
2450310 0.503835751127524 2450310 0.503724640069169 -38740.6219577043
2450320 0.504515629806305 2450320 0.504404363685432 -35876.7501053628
2450330 0.505089614996849 2450330 0.504978193815099 -32481.4777071384
2450340 0.505540951568541 2450340 0.505429375327816 -28581.1524223231
2450350 0.505854643901585 2450350 0.50574291260402 -24293.0806099134
2450360 0.506021171001109 2450360 0.505909284648985 -19778.8864721547
2450370 0.506034263813382 2450370 0.505922222409078 -15098.599462187
2450380 0.505891539196272 2450380 0.505779342742204 -10438.6762713615
2450390 0.505596964391034 2450390 0.505484612889556 -5944.21398049223
2450400 0.50515757966643 2450400 0.505045073119788 -1706.32093077208
2450410 0.504585572197294 2450410 0.504472910607545 2070.75464735132
2450420 0.503898455158061 2450420 0.503785638526989 5301.02081387709
2450430 0.503115832968112 2450430 0.503002861297198 7890.39043013196
2450440 0.502261989470078 2450440 0.502148862760427 9687.91748689457
2450450 0.501363555281603 2450450 0.501250273533905 10697.6879703156
2450460 0.500447443817158 2450460 0.500334007031687 10861.5527078872
2450470 0.499542969551467 2450470 0.499429377728044 10141.6043576425
2450480 0.498677827818342 2450480 0.498564080956357 8631.43066133298
2450490 0.49787799533627 2450490 0.497764093434709 6331.0762289667
2450500 0.497168702162714 2450500 0.497054645220175 3330.01553393665
2450510 0.496570268159998 2450510 0.49645605617476 -226.501570827845
2450520 0.496100037379853 2450520 0.495985670349929 -4286.6615468595
2450530 0.495771887740077 2450530 0.495657365663265 -8670.80062080109
2450540 0.495593447305384 2450540 0.495478770179362 -13237.2074194012
2450550 0.495569281940436 2450550 0.495454449762811 -17903.2104405535
2450560 0.495698986594624 2450560 0.495583999363012 -22463.0644957376
2450570 0.495976679176458 2450570 0.495861536888563 -26821.808589569
2450580 0.496394142165132 2450580 0.496278844818787 -30882.9035588167
2450590 0.49693801850443 2450590 0.496822566097676 -34474.9411134301
2450600 0.497591642002668 2450600 0.497476034533803 -37566.0564017753
2450610 0.498336903933199 2450610 0.498221141400801 -40057.0294915904
2450620 0.499151554242705 2450620 0.499035636645699 -41851.6500053475
2450630 0.500024247743573 2450630 0.49990817508106 -42972.8079167548
2450640 0.500908183361888 2450640 0.500791955633692 -43334.878704911
2450650 0.501789096228372 2450650 0.50167271343454 -42934.3837448894
2450660 0.50264290217194 2450660 0.502526364312893 -41829.2958178075
2450670 0.50344543066708 2450670 0.503328737743613 -39973.8010696631
2450680 0.504172946651028 2450680 0.504056098664304 -37455.3735932637
2450690 0.504805313464582 2450690 0.504688310416076 -34348.4402000982
2450700 0.5053232041435 2450700 0.505206046034987 -30674.6428948223
2450710 0.505710559198509 2450710 0.505593246032013 -26594.5025250211
2450720 0.50595597572128 2450720 0.505838507499003 -22187.325054364
2450730 0.506050114596643 2450730 0.50593249132093 -17554.5339548312
2450740 0.505989225060688 2450740 0.505871446733942 -12893.7476137455
2450750 0.505774277236027 2450750 0.505656343860637 -8282.05197322791
2450760 0.50540951660441 2450760 0.505291428182699 -3881.41852217594
2450770 0.504905683150807 2450770 0.504787439684931 127.924140733193
2450780 0.504277066797744 2450780 0.504158668289638 3684.53956459787
2450790 0.50354161817914 2450790 0.503423064630461 6616.61909178534
2450800 0.502722555225907 2450800 0.50260384663795 8824.3502466899
2450810 0.501844261611016 2450810 0.501725397984701 10282.0523276807
2450820 0.500933787612338 2450820 0.500814768948163 10871.6810179193
2450830 0.500020197410368 2450830 0.499901023708381 10615.7533306531
2450840 0.499130810869562 2450840 0.499011482129389 9537.48800229439
2450850 0.498293534193024 2450850 0.498174050413856 7615.98167380283
2450860 0.497534234980564 2450860 0.497414596161192 4987.85293321836
2450870 0.496874816133394 2450870 0.49675502227227 1716.41289585834
2450880 0.496335582669799 2450880 0.49621563376506 -2119.20042965869
2450890 0.495931622277899 2450890 0.495811518327446 -6324.82807440707
2450900 0.495673436741246 2450900 0.49555317774282 -10823.5820111937
2450910 0.495568464785533 2450910 0.495448050736758 -15466.3547121256
2450920 0.495617685352374 2450920 0.495497116250859 -20073.3412789438
2450930 0.495818433204095 2450930 0.49569770904749 -24577.9178993813
2450940 0.496164393232763 2450940 0.496043514018817 -28804.5618636808
2450950 0.496643534811646 2450950 0.496522500538294 -32638.8621205896
2450960 0.497241916119394 2450960 0.497120726784787 -36032.5682821574
2450970 0.49794202722027 2450970 0.497820682822831 -38827.5480787669
2450980 0.498722783871333 2450980 0.498601284409812 -40993.0953701771
2450990 0.499562894425767 2450990 0.499441239899243 -42494.3750102807
2451000 0.500438152123182 2451000 0.50031634253111 -43229.8759243004
2451010 0.501323579672749 2451010 0.501201615014972 -43245.1532193514
2451020 0.502195247014398 2451020 0.502073127291129 -42515.2060573652
2451030 0.503027643540464 2451030 0.502905368752311 -41024.1261017157
2451040 0.503797325488078 2451040 0.503674895636015 -38873.8449398905
2451050 0.504482710086829 2451050 0.504360125172161 -36057.7574246997
2451060 0.505062706220758 2451060 0.504939966245121 -32656.8332616509
2451070 0.505520657855067 2451070 0.505397762820352 -28805.1435775902
2451080 0.505842341182081 2451080 0.505719291090402 -24533.0258700525
2451090 0.506016516120391 2451090 0.505893310974035 -20005.5085245329
2451100 0.506037801678412 2451100 0.505914441479749 -15360.8415239293
2451110 0.505903637081737 2451110 0.505780121833177 -10679.0586085842
2451120 0.505616550686037 2451120 0.505492880389952 -6168.77474896552
2451130 0.505184890471112 2451130 0.505061065129743 -1939.12197305592
2451140 0.504619763071509 2451140 0.504495782686926 1892.93799119777
2451150 0.503938037065131 2451150 0.503813901639141 5138.86210082627
2451160 0.50316053172177 2451160 0.503036241255859 7752.85703660723
2451170 0.502309933873153 2451170 0.502185488368454 9621.8423941227
2451180 0.501424857825929 2451180 0.501300257282976 10645.7048682322
2451190 0.500509748624131 2451190 0.50038499304339 10860.6094339655
2451200 0.499603959901124 2451200 0.499479049282451 10203.9568534121
2451210 0.498736526328164 2451210 0.498611460670964 8704.06163743368
2451220 0.497933338217619 2451220 0.497808117520896 6465.13714079459
2451230 0.497218705563574 2451230 0.497093329825954 3497.07187322378
2451240 0.496614714037538 2451240 0.496489183257307 -54.9004410065927
2451250 0.496137899480771 2451250 0.496012213655956 -4062.24401863006
2451260 0.495802159966654 2451260 0.495676319095068 -8452.699062799
2451270 0.495616641574175 2451270 0.495490645653488 -13019.7120756688
2451280 0.49558467067289 2451280 0.495458519700723 -17657.1372185696
2451290 0.495706806100732 2451290 0.495580500074694 -22256.0369682705
2451300 0.495977882106027 2451300 0.49585142102381 -26617.6020458599
2451310 0.496388468610139 2451310 0.496261852469579 -30683.3754703129
2451320 0.496926796564012 2451320 0.496800025363128 -34330.8781489319
2451330 0.4975758943854 2451330 0.497448968122475 -37424.8918148716
2451340 0.49831694897501 2451340 0.498189867648617 -39953.9102717156
2451350 0.499129370154459 2451350 0.499002133763493 -41802.9057434308
2451360 0.499989072749222 2451360 0.499861681292949 -42928.5748976509
2451370 0.50087252476902 2451370 0.500744978247072 -43352.3845147652
2451380 0.501755018934204 2451380 0.501627317346597 -42991.5340138173
2451390 0.502610893039868 2451390 0.502483036387013 -41897.1467391996
2451400 0.50341691025211 2451400 0.503288898534781 -40109.4501706446
2451410 0.504149521264546 2451410 0.504021354483882 -37607.7307630658
2451420 0.504787153291848 2451420 0.50465883144932 -34520.5907313635
2451430 0.505311869344824 2451430 0.505183392442183 -30900.1363824396
2451440 0.505706770524514 2451440 0.505578138563773 -26811.1257731134
2451450 0.505959641050485 2451450 0.505830854033846 -22429.1708016718
2451460 0.50606242157688 2451460 0.505933479506672 -17817.9952197666
2451470 0.506009787201697 2451470 0.505880690080328 -13125.6692331936
2451480 0.505802785301287 2451480 0.505673533131151 -8534.68453028799
2451490 0.505446313225423 2451490 0.505316906008837 -4115.71062763212
2451500 0.504949355387906 2451500 0.504819793127049 -62.0071722202934
2451510 0.504327133942482 2451510 0.504197416639296 3489.50150167889
2451520 0.503597371152287 2451520 0.503467498808438 6475.82262177277
2451530 0.502781969500169 2451530 0.502651942116986 8726.4078325377
2451540 0.501906760067064 2451540 0.501776577645476 10199.4912342278
2451550 0.500997780978051 2451550 0.500867443518579 10863.1567986369
2451560 0.500083702990817 2451560 0.499953210493541 10634.9056265378
2451570 0.499193269830697 2451570 0.499062622295251 9588.59942411755
2451580 0.498352971013399 2451580 0.498222168439006 7737.15770302374
2451590 0.49758936257301 2451590 0.49745840495848 5114.63957496064
2451600 0.496925205154545 2451600 0.496794092498336 1881.97528345166
2451610 0.496379485680958 2451610 0.496248217981233 -1910.45784375628
2451620 0.495968822926735 2451620 0.495837400181401 -6130.17737042217
2451630 0.495703693978252 2451630 0.495572116185052 -10594.2989178685
2451640 0.495590783005951 2451640 0.495459050162525 -15234.486495793
2451650 0.495632886116598 2451650 0.495500998220543 -19866.5749078671
2451660 0.495826468110586 2451660 0.495694425159553 -24349.8434295421
2451670 0.496165307675135 2451670 0.496033109666871 -28613.9190233311
2451680 0.496638815383753 2451680 0.49650646231617 -32474.4144086569
2451690 0.497231696732163 2451690 0.49709918860341 -35866.8679828327
2451700 0.497927393465442 2451700 0.497794730273926 -38725.5335560149
2451710 0.498705376413681 2451710 0.498572558158126 -40911.1735791014
2451720 0.499543048571471 2451720 0.499410075250951 -42434.9322854314
2451730 0.500417713578418 2451730 0.500284585192358 -43239.8507330726
2451740 0.501303891573154 2451740 0.501170608121378 -43266.2315227424
2451750 0.502176887384412 2451750 0.502043448867123 -42580.6911271311
2451760 0.503012720595648 2451760 0.502879127013422 -41145.0929833764
2451770 0.503786594169734 2451770 0.503652845523532 -38997.7557893572
2451780 0.504476980329874 2451780 0.504343076620991 -36237.7758670558
2451790 0.505063744562928 2451790 0.50492968579297 -32864.2403422043
2451800 0.505528512148899 2451800 0.505394298319758 -29010.1293475376
2451810 0.505857900118908 2451810 0.505723531232683 -24787.7695122098
2451820 0.506040650952941 2451820 0.505906127011906 -20252.786321646
2451830 0.506069886640838 2451830 0.505935207647373 -15603.0900986471
2451840 0.505944338062452 2451840 0.505809504018957 -10945.3911275696
2451850 0.505665523048079 2451850 0.50553053395693 -6394.66050582037
2451860 0.505241019214628 2451860 0.505105875078084 -2158.79951100361
2451870 0.504683173746852 2451870 0.504547874566981 1685.87555307707
2451880 0.504007228202477 2451880 0.50387177398111 4993.71864853335
2451890 0.503234226873828 2451890 0.50309861761247 7615.04715927219
2451900 0.502387570973777 2451900 0.50225180667357 9530.60112039917
2451910 0.50149266124967 2451910 0.501356741911362 10618.3665330447
2451920 0.50057823945485 2451920 0.500442165078743 10842.5220158109
2451930 0.499672003225745 2451930 0.499535773811712 10251.5459924128
2451940 0.498801919814966 2451940 0.498665535362448 8796.49120306001
2451950 0.497995545323657 2451950 0.497859005831664 6569.09960887181
2451960 0.497276342775836 2451960 0.497139648243018 3665.37257331649
2451970 0.496666275716073 2451970 0.496529426140738 125.00177977335
2451980 0.496183442228368 2451980 0.496046437608543 -3869.69192116984
2451990 0.495840453360195 2451990 0.495703293693711 -8216.32916258458
2452000 0.495647327979319 2452000 0.495510013263853 -12806.0585696745
