2447801.90372574
2447803.23358737
2447805.006251
2447818.74950333
2447818.74978749
2447822.74096461
2447830.28043128
2447836.04650195
2447838.70815068
2447841.8133032
2447842.70031443
2447842.7003639
2447842.7004861
2447848.91094627
2447850.68561536
2447852.01658027
2447854.23482841
2447856.00947146
2447857.78411629
2447859.11508924
2447859.11536682
2447868.87604759
2447871.09450357
2447871.98186338
2447876.86287805
2447877.75006371
2447885.73708061
2447890.61781027
2447892.83653219
2447893.97386029
2447896.63632163
2447899.74241625
2447900.18613249
2447901.96114259
2447902.84860714
2447904.62355894
2447908.17348111
2447909.5047207
2447909.50500985
2447910.83595857
2447910.83624765
2447913.49843638
2447914.82965476
2447915.71713158
2447916.60460443
2447916.60460435
2447916.60489351
2447919.26702391
2447920.15450412
2447921.48573371
2447924.59196507
2447925.9232399
2447925.92325765
2447928.58569299
2447929.47318777
2447929.47318795
2447933.02311583
2447933.91060866
2447936.57310529
2447937.01689042
2447941.01066336
2447943.67313938
2447944.56061942
2447945.89183359
2447946.77929797
2447948.99800865
2447952.54799547
2447955.65418659
2447956.54162056
2447957.42910944
2447966.74742194
2447967.6350158
2447968.52251022
2447969.40995041
2447969.85368125
2447972.0723008
2447976.95262535
2447978.72803386
2447980.50294757
2447981.39038152
2447981.8340818
2447984.05262251
2447985.3837004
2447992.03917239
2447992.03922026
2447997.80568042
2447998.69454316
2448001.79993892
2448003.57504689
2448004.01865789
2448006.68067992
2448006.68076053
2448008.01169968
2448008.4555587
2448009.34274663
2448009.34274471
2448011.56105337
2448012.44833313
2448014.2229758
2448014.66787758
2448015.55391028
2448016.44249371
2448016.44249372
2448024.87059064
2448036.83951457
2448040.39739471
2448048.82583015
2448049.26917625
2448049.2692057
2448050.59997443
2448051.48719718
2448051.48723463
2448058.14082897
2448062.13299322
2448064.79474617
2448065.23798439
2448066.12512981
2448066.12517209
2448068.78648004
2448068.78650965
2448070.56129876
2448073.22216629
2448073.22216693
2448076.77049514
2448077.21444088
2448082.09312953
2448083.86720985
2448085.19779052
2448090.07660028
2448090.07660042
2448090.07660171
2448090.07660092
2448092.26317582
2448101.1643084
2448101.16511669
2448102.05128602
2448104.26875375
2448104.26875377
2448106.04272097
2448106.04410241
2448107.81665772
2448108.70364107
2448109.14711508
2448110.03405632
2448110.03405328
2448119.79030884
2448120.67707118
2448120.67707181
2448123.78108464
2448125.11132834
2448125.11134957
2448127.77179416
2448127.77179354
2448128.6585591
2448129.98885615
2448132.20578154
2448132.64917172
2448136.63969621
2448139.74318144
2448140.6298293
2448141.95961639
2448143.73267885
2448145.06269674
2448145.50605671
2448145.50605608
2448149.49575423
2448149.9389473
2448151.71197265
2448151.71197266
2448152.59824923
2448159.68963587
2448159.68979519
2448161.90565018
2448172.53890491
2448177.85487289
2448181.84021384
2448182.72589984
2448183.61148664
2448185.82592216
2448187.59681663
2448187.5968179
2448188.48222826
2448189.810281
2448190.69556845
2448192.46611324
2448193.79402936
2448195.56385753
2448196.89141081
2448197.77636897
2448197.7763677
2448200.43081349
2448201.75824017
2448203.96979849
2448205.73901717
2448207.50822883
2448207.5086508
2448209.27713628
2448212.37171278
2448214.13990244
2448216.35118823
2448217.67733684
2448220.32896293
2448221.21255938
2448223.42235243
2448228.2822846
2448233.14204839
2448233.14240862
2448235.79289347
2448236.67618403
2448237.55968087
2448240.65314374
2448241.53688499
2448244.18826175
2448249.0494624
2448252.58558347
2448257.00768583
2448260.35256244
2448261.67891498
2448263.89040951
2448267.87225176
2448272.73922414
2448273.62420854
2448273.62426814
2448275.39463979
2448277.16534164
2448279.82155773
2448288.67756787
2448293.54937818
2448296.20743834
2448297.53651683
2448297.53660414
2448300.1947198
2448301.52386605
2448304.18229559
2448305.51165393
2448307.72735452
2448308.17050185
2448309.49993892
2448312.15896321
2448313.48846523
2448316.14746405
2448317.033878
2448317.4770268
2448320.13648327
2448321.02297888
2448324.12570079
2448324.12569897
2448325.01223825
2448325.45553471
2448328.11509478
2448329.00162478
2448329.44491144
2448332.104626
2448332.99123526
2448333.43454899
2448338.31107859
2448340.08438983
2448341.41432859
2448341.41432827
2448345.40429238
2448349.39443195
2448350.72447832
2448352.05450964
2448353.82793288
2448356.04466449
2448357.37465689
2448360.03484883
2448362.25178442
2448364.02529951
2448364.91197706
2448368.90225075
2448368.90230908
2448369.78913367
2448372.89282552
2448374.22300085
2448376.88331778
2448377.77011289
2448379.98705392
2448379.98705424
2448381.76063313
2448381.76063955
2448383.09080551
2448385.75113065
2448386.19452141
2448390.1851988
2448393.73254208
2448393.73254145
2448394.61926838
2448396.83617222
2448397.72306166
2448398.60986004
2448401.71375662
2448402.60054423
2448406.14783583
2448413.68579986
2448414.57262889
2448417.67657992
2448422.11070825
2448425.65789114
2448436.74353976
2448437.63037509
2448438.51722759
2448441.6211769
2448443.83832331
2448443.83832191
2448446.49903443
2448450.48986382
2448452.70692467
2448453.59378749
2448455.81092368
2448458.47155757
2448459.80184966
2448462.01898995
2448472.66119891
2448473.54812031
2448473.5481268
2448474.43500664
2448479.75611687
2448479.75611688
2448483.74683119
2448487.7376942
2448489.51143661
2448490.3982866
2448494.38900921
2448496.6060777
2448496.60607771
2448498.37973607
2448501.48369797
2448501.48369614
2448502.37052273
2448506.36117224
2448510.79522877
2448514.3424856
2448518.77647771
2448521.43681429
2448522.32360226
2448525.42737062
2448526.3141578
2448528.53102953
2448530.30457256
2448532.52144124
2448533.40817351
2448533.40821874
2448537.3985263
2448543.60559349
2448544.9355806
2448548.9256541
2448554.24562296
2448558.23554008
2448561.33867784
2448563.555056
2448563.99834024
2448567.54469411
2448568.43123617
2448573.30713909
2448576.85314352
2448580.84220588
2448581.28559115
2448583.94481997
2448586.16089701
2448589.26324312
2448589.70644722
2448590.14963664
2448593.25188901
2448593.25188776
2448593.69506219
2448601.22825767
2448601.2283436
2448605.21620731
2448606.10235186
2448609.203873
2448610.08994345
2448612.30507466
2448613.19109336
2448613.63408945
2448614.25564682
2448618.50654187
2448618.50654188
2448620.72129352
2448621.16417041
2448622.05004998
2448624.96391208
2448624.96394057
2448624.9639732
2448628.96041219
2448630.29285988
2448630.29290215
2448642.27800649
2448645.38452599
2448648.04756899
2448648.93480535
2448650.70950884
2448652.04036207
2448652.48395875
2448656.91899666
2448656.91915001
2448658.24941125
2448660.02313058
2448660.46651762
2448660.9099041
2448661.79664094
2448664.0132079
2448665.3422177
2448665.78499165
2448668.00093554
2448669.33032913
2448669.33032928
2448671.98974301
2448673.31882355
2448675.97648358
2448677.30428471
2448678.19002314
2448680.84752041
2448685.27525812
2448685.27541301
2448687.93183975
2448691.03018137
2448693.68780212
2448697.22964217
2448702.54147548
2448703.42690243
2448705.67043121
2448707.85405
2448708.73977883
2448712.72551616
2448716.7111302
2448722.91311071
2448724.24274658
2448733.72792608
2448735.76800491
2448736.65499727
2448737.09854483
2448739.31594445
2448740.20293997
2448744.63844371
2448748.63041478
2448748.6307352
2448748.63085971
2448748.63100574
2448753.06813364
2448756.1743898
2448757.06250532
2448780.59139018
2448780.59303235
2448783.7018215
2448786.81056496
2448787.69873485
2448787.69883835
2448794.36083281
2448796.13759917
2448797.02594745
2448798.80265186
2448799.69116831
2448801.02392858
2448804.57712667
2448804.57713775
2448808.13103931
2448811.68478189
2448812.57323571
2448813.01746268
2448815.68271478
2448817.01538461
2448818.79234044
2448818.79234045
2448821.01357131
2448821.01361152
2448823.67909808
2448824.12333988
2448824.56760618
2448825.01185804
2448826.78886746
2448826.78886329
2448829.01008818
2448829.01008882
2448830.7871012
2448833.00848064
2448833.00847955
2448837.8954944
2448840.11693395
2448841.00548723
2448845.00390879
2448845.00391423
2448847.66954857
2448848.55811038
2448849.00240484
2448851.66815067
2448853.44530574
2448853.88959214
2448856.5553402
2448856.99962439
2448859.66536059
2448861.44252664
2448861.88680502
2448863.6639794
2448865.44118566
2448865.8854892
2448868.55134938
2448869.43995679
2448869.43996778
2448871.66144968
2448873.43864961
2448877.43736285
2448880.54748531
2448880.54757567
2448881.43616541
2448885.43496039
2448887.65648252
2448888.54504608
2448888.5450448
2448891.65527706
2448891.6552758
2448892.54386544
2448892.54386671
2448893.87682748
2448895.65415067
2448905.42928748
2448907.65050391
2448907.65050519
2448908.53913418
2448908.5391391
2448909.42776273
2448911.6492916
2448912.53791021
2448912.53791163
2448913.4265189
2448917.4251634
2448918.75805505
2448919.64665243
2448920.5352612
2448920.53526248
2448921.42386417
2448922.75678264
2448922.75683737
2448924.53407169
2448925.4226396
2448926.75554625
2448927.64409542
2448928.53267903
2448928.53267904
2448929.42125761
2448930.75410841
2448931.64277825
2448933.41992603
2448933.41993276
2448936.53001749
2448936.97431988
2448937.41861747
2448938.75152421
2448939.64012061
2448940.52871261
2448942.75015743
2448943.6386936
2448943.63869233
2448944.5272414
2448945.41585615
2448945.41585616
2448946.74870951
2448947.63726197
2448948.52584797
2448948.52584671
2448949.41444204
2448950.7473282
2448950.74736114
2448951.63595132
2448952.52452616
2448954.7459799
2448954.74598118
2448955.63454518
2448956.96736623
2448956.96737543
2448958.74451782
2448959.63306909
2448961.41024478
2448964.07591534
2448964.96452369
2448965.40881962
2448967.63027819
2448968.96315303
2448971.62883563
2448971.62883621
2448972.07311252
2448973.40590217
2448974.73873872
2448975.6273023
2448976.96016007
2448978.73731416
2448978.73731417
2448980.07017475
2448982.73585976
2448984.06868148
2448985.40149867
2448986.73431289
2448987.622861
2448989.97708979
2448990.86321897
2448997.50909282
2448997.95214792
2448998.83823432
2448998.83823937
2449001.05346636
2449001.93955946
2449002.8256654
2449005.0409563
2449005.04095639
2449006.37014131
2449007.25626029
2449010.35758427
2449012.57277009
2449013.45885439
2449013.90189325
2449014.34493947
2449015.23101744
2449016.56013289
2449017.44621985
2449019.66145061
