1 20169U 89062  B 89274.59167350  .00000562 +00000-0 +41253-2 0  9999
2 20169 006.8096 099.8361 7190809 222.1454 053.0564 02.25157629001248
1 20169U 89062  B 89275.92244599  .00000281 +00000-0 +17486-2 0  9997
2 20169 006.8083 100.1867 7190661 222.3868 051.6863 02.25156168001274
1 20169U 89062  B 89277.69632377 -.00000074 +00000-0 -12936-2 0  9995
2 20169 006.8136 099.4934 7189813 223.7216 049.5002 02.25154093001318
1 20169U 89062  B 89291.44898929 -.00000040 +00000-0 +10412-2 0  9990
2 20169 006.8308 094.3063 7186938 233.9871 036.7107 02.25153365001631
1 20169U 89062  B 89291.44927365 -.00000057 +00000-0 -11981-2 0  9998
2 20169 006.8319 094.3046 7186957 233.9890 036.9402 02.25153315001631
1 20169U 89062  B 89295.44318445  .00000345 +00000-0 +24936-2 0  9997
2 20169 006.8422 092.9317 7186345 236.8541 034.2232 02.25157138001726
1 20169U 89062  B 89302.98781514  .00000189 +00000-0 +10809-2 0  9996
2 20169 006.8438 090.0886 7185283 242.4599 029.5507 02.25156504001895
1 20169U 89062  B 89308.75783517 -.00000036 +00000-0 -10389-2 0  9998
2 20169 006.8497 087.9624 7185262 246.6943 026.4726 02.25155357002021
1 20169U 89062  B 89311.42130695  .00000096 +00000-0 +21720-3 0  9995
2 20169 006.8587 087.1029 7184234 248.5887 025.3495 02.25155742002083
1 20169U 89062  B 89314.52858628  .00000235 +00000-0 +15546-2 0  9995
2 20169 006.8592 085.9593 7183824 250.8751 023.9917 02.25157644002155
1 20169U 89062  B 89315.41620506 -.00000061 +00000-0 +11577-3 0  9995
2 20169 006.8705 085.3860 7185208 251.7415 023.4543 02.25156149002178
1 20169U 89062  B 89315.41625456  .00000053 +00000-0 -18877-3 0  9995
2 20169 006.8659 085.4627 7184860 251.6689 023.4935 02.25156042002170
1 20169U 89062  B 89315.41637684  .00000216 +00000-0 +13816-2 0  9998
2 20169 006.8573 085.6297 7183743 251.5314 023.5983 02.25157693002170
1 20169U 89062  B 89321.63109075  .00000147 +00000-0 +19122-2 0  9996
2 20169 006.8486 083.2722 7183346 256.1586 020.9939 02.25158631002312
1 20169U 89062  B 89323.40697537  .00000152 +00000-0 +76506-3 0  9994
2 20169 006.8536 082.6210 7183331 257.4724 020.4497 02.25157815002356
1 20169U 89062  B 89324.73885190  .00000292 +00000-0 +21255-2 0  9990
2 20169 006.8624 082.1449 7183556 258.4539 020.0169 02.25159451002380
1 20169U 89062  B 89326.95861939  .00000176 +00000-0 +99785-3 0  9996
2 20169 006.8677 081.3210 7183416 260.0975 019.2756 02.25158684002438
1 20169U 89062  B 89328.73447795  .00000336 +00000-0 +37371-2 0  9994
2 20169 006.8746 080.7095 7183556 261.3261 018.7323 02.25160087002474
1 20169U 89062  B 89330.51033829  .00000314 +00000-0 +35082-2 0  9995
2 20169 006.8787 080.0544 7183750 262.6305 018.1933 02.25161076002515
1 20169U 89062  B 89331.84222286  .00000392 +00000-0 +31028-2 0  9991
2 20169 006.8696 079.5326 7183347 263.6612 017.7840 02.25161808002547
1 20169U 89062  B 89331.84250063  .00000392 +00000-0 +31028-2 0  9995
2 20169 006.8696 079.5326 7183347 263.6612 017.7840 02.25161808002547
1 20169U 89062  B 89341.60986680  .00000826 +00000-0 +73129-2 0  9991
2 20169 006.8740 075.9190 7183386 270.8440 015.1518 02.25163759002763
1 20169U 89062  B 89343.82984227  .00000432 +00000-0 +47281-2 0  9995
2 20169 006.8679 075.0552 7182793 272.5351 014.6187 02.25164373002813
1 20169U 89062  B 89344.71780986  .00000022 +00000-0 -48458-3 0  9994
2 20169 006.8716 074.7352 7184273 273.1773 014.3517 02.25159340002833
1 20169U 89062  B 89349.60216769 -.00000087 +00000-0 +35960-3 0  9995
2 20169 006.8798 072.9255 7184678 276.7939 013.4527 02.25159042002949
1 20169U 89062  B 89350.48996101  .00000036 +00000-0 -34987-3 0  9990
2 20169 006.8801 072.5841 7184695 277.4632 013.0707 02.25159014002965
1 20169U 89062  B 89358.48244847 -.00000022 +00000-0 +26168-3 0  9998
2 20169 006.8765 069.4610 7184338 283.5363 011.5685 02.25160494003149
1 20169U 89062  B 89363.36652110  .00000122 +00000-0 +15806-2 0  9993
2 20169 006.8869 067.5787 7186045 287.1604 010.5044 02.25163194003253
1 20169U 89062  B 89365.58676269 -.00000225 +00000-0 +16251-2 0  9990
2 20169 006.8899 066.7152 7186187 288.8331 010.1691 02.25160339003303
1 20169U 89062  B 90001.47486978 -.00000087 +00000-0 -14856-2 0  9999
2 20169 006.8885 066.3847 7186258 289.4937 010.0514 02.25160187003329
1 20169U 89062  B 90004.13915473  .00000209 +00000-0 +12423-2 0  9994
2 20169 006.8870 065.4141 7186607 291.4422 009.6793 02.25163305003384
1 20169U 89062  B 90007.24737681  .00000204 +00000-0 +23170-2 0  9998
2 20169 006.8974 064.1973 7186476 293.8125 009.1600 02.25165712003452
1 20169U 89062  B 90007.69139696  .00000103 +00000-0 +27051-3 0  9990
2 20169 006.9011 064.2140 7187289 293.9725 009.0452 02.25162333003463
1 20169U 89062  B 90009.46762282  .00000119 +00000-0 +41797-3 0  9990
2 20169 006.8884 063.5199 7187217 295.3294 008.8158 02.25162722003501
1 20169U 89062  B 90010.35569523  .00000112 +00000-0 +34882-3 0  9993
2 20169 006.8898 063.1739 7187262 296.0041 008.6676 02.25162711003523
1 20169U 89062  B 90012.13186275  .00000089 +00000-0 +12238-2 0  9993
2 20169 006.8837 062.6404 7188096 297.2236 008.4212 02.25164531003564
1 20169U 89062  B 90015.68421637 -.00000036 +00000-0 +10648-3 0  9997
2 20169 006.8928 061.1393 7188121 300.0239 007.9129 02.25164338003646
1 20169U 89062  B 90017.01636777  .00000130 +00000-0 +49928-3 0  9996
2 20169 006.8930 060.6342 7188502 301.0282 007.7413 02.25164848003672
1 20169U 89062  B 90017.01665712  .00000130 +00000-0 +49928-3 0  9997
2 20169 006.8930 060.6342 7188502 301.0282 007.7413 02.25164848003672
1 20169U 89062  B 90018.34851745  .00000042 +00000-0 +77327-3 0  9993
2 20169 006.8947 060.2533 7189979 301.8881 007.5640 02.25165206003703
1 20169U 89062  B 90018.34880672  .00000163 +00000-0 +77327-3 0  9998
2 20169 006.8947 060.2533 7189979 301.8881 007.5640 02.25165206003703
1 20169U 89062  B 90021.01281887  .00000270 +00000-0 +16902-2 0  9999
2 20169 006.8965 059.1933 7190025 303.9376 007.2315 02.25167037003766
1 20169U 89062  B 90022.34494904  .00000285 +00000-0 +17948-2 0  9999
2 20169 006.8981 058.7012 7190559 304.9220 007.0523 02.25167560003791
1 20169U 89062  B 90023.23303373  .00000299 +00000-0 +19135-2 0  9992
2 20169 006.9008 058.3653 7190751 305.5864 006.9333 02.25168087003819
1 20169U 89062  B 90024.12111443  .00000176 +00000-0 +18883-2 0  9999
2 20169 006.9017 058.0335 7190922 306.2466 006.8113 02.25168477003839
1 20169U 89062  B 90024.12111435  .00000297 +00000-0 +18883-2 0  9994
2 20169 006.9017 058.0335 7190923 306.2465 006.8113 02.25168477003839
1 20169U 89062  B 90024.12140371  .00000297 +00000-0 +18883-2 0  9995
2 20169 006.9017 058.0335 7190923 306.2465 006.8113 02.25168477003839
1 20169U 89062  B 90026.78535749  .00000167 +00000-0 +17915-2 0  9997
2 20169 006.9088 056.9687 7191405 308.2840 006.4550 02.25169525003891
1 20169U 89062  B 90027.67344556  .00000288 +00000-0 +17929-2 0  9999
2 20169 006.9097 056.6254 7191456 308.9578 006.3424 02.25169907003915
1 20169U 89062  B 90029.00558695  .00000123 +00000-0 +40898-3 0  9999
2 20169 006.9110 056.1764 7192395 309.8956 006.1610 02.25168253003946
1 20169U 89062  B 90032.11394587  .00000208 +00000-0 +10994-2 0  9990
2 20169 006.9075 054.9026 7192566 312.3221 005.8085 02.25169654004014
1 20169U 89062  B 90033.44613253  .00000140 +00000-0 +15319-2 0  9992
2 20169 006.9132 054.3170 7192528 313.3990 005.6889 02.25170293004048
1 20169U 89062  B 90033.44615029  .00000116 +00000-0 +13368-2 0  9990
2 20169 006.9013 054.4157 7192471 313.3229 005.6981 02.25170146004044
1 20169U 89062  B 90036.11040922  .00000171 +00000-0 +78406-3 0  9997
2 20169 006.9113 053.3681 7193255 315.3495 005.3610 02.25170180004104
1 20169U 89062  B 90036.99851187  .00000057 +00000-0 +84354-3 0  9998
2 20169 006.9148 052.9905 7193101 316.0632 005.2644 02.25170416004127
1 20169U 89062  B 90036.99851205  .00000178 +00000-0 +84354-3 0  9993
2 20169 006.9148 052.9904 7193101 316.0631 005.2644 02.25170416004125
1 20169U 89062  B 90040.55087139  .00000073 +00000-0 +96113-3 0  9997
2 20169 006.9353 051.6139 7193680 318.7414 004.8396 02.25171420004203
1 20169U 89062  B 90041.43897209  .00000205 +00000-0 +10590-2 0  9993
2 20169 006.9310 051.2368 7193329 319.4607 004.7456 02.25171841004223
1 20169U 89062  B 90044.10329235  .00000103 +00000-0 +22896-3 0  9999
2 20169 006.9223 050.3836 7195836 321.2874 004.4735 02.25171501004284
1 20169U 89062  B 90044.54738144  .00000108 +00000-0 +26700-3 0  9993
2 20169 006.9250 050.2183 7195900 321.6181 004.4575 02.25171583004298
1 20169U 89062  B 90048.54388984  .00000178 +00000-0 +78584-3 0  9994
2 20169 006.9373 048.6994 7196853 324.6233 004.0785 02.25172537004383
1 20169U 89062  B 90051.20818948  .00000194 +00000-0 +89314-3 0  9990
2 20169 006.9602 047.6675 7197464 326.6208 003.8074 02.25173271004447
1 20169U 89062  B 90052.09627738  .00000164 +00000-0 +15387-2 0  9998
2 20169 006.9617 047.4113 7198022 327.2196 003.7158 02.25174584004464
1 20169U 89062  B 90053.42840334  .00000185 +00000-0 +16894-2 0  9992
2 20169 006.9575 046.8247 7198237 328.3059 003.5706 02.25175428004494
1 20169U 89062  B 90054.31647557  .00000307 +00000-0 +17002-2 0  9991
2 20169 006.9575 046.4513 7198270 329.0100 003.4650 02.25175857004514
1 20169U 89062  B 90056.53670592  .00000240 +00000-0 +12004-2 0  9995
2 20169 006.9644 045.6131 7198756 330.6768 003.2348 02.25175804004564
1 20169U 89062  B 90060.08912423  .00000332 +00000-0 +18238-2 0  9999
2 20169 006.9658 044.1726 7199882 333.4442 002.9345 02.25177953004643
1 20169U 89062  B 90063.19744288  .00000313 +00000-0 +25256-2 0  9993
2 20169 006.9843 042.9555 7199979 335.8141 002.6710 02.25181135004712
1 20169U 89062  B 90064.08548468  .00000345 +00000-0 +27209-2 0  9999
2 20169 006.9917 042.7193 7200501 336.3625 002.5482 02.25181393004730
1 20169U 89062  B 90064.97358143  .00000393 +00000-0 +22083-2 0  9994
2 20169 007.0057 042.4444 7200805 336.9676 002.4778 02.25181362004757
1 20169U 89062  B 90074.29827634 -.00000406 +00000-0 -32693-2 0  9991
2 20169 007.0041 038.7184 7201764 344.2478 001.5696 02.25179064004964
1 20169U 89062  B 90075.18647814 -.00001920 +00000-0 +12306-1 0  9999
2 20169 007.0011 038.4131 7203499 344.8798 001.5827 02.25182057004982
1 20169U 89062  B 90076.07458043 -.00000740 +00000-0 +45799-2 0  9994
2 20169 006.9990 038.0972 7203322 345.5217 001.5335 02.25184180005001
1 20169U 89062  B 90076.96262846  .00000100 +00000-0 +96420-3 0  9993
2 20169 007.0102 037.7946 7202571 346.1544 001.4506 02.25185589005025
1 20169U 89062  B 90077.40666322  .00001179 +00000-0 +80879-2 0  9997
2 20169 007.0028 037.6206 7203035 346.5108 001.4246 02.25191675005031
1 20169U 89062  B 90079.62680238  .00000125 +00000-0 +11035-2 0  9993
2 20169 007.0082 036.7868 7203781 348.1653 001.2110 02.25188269005084
1 20169U 89062  B 90084.51046961  .00000502 +00000-0 +34730-2 0  9992
2 20169 007.0267 034.9413 7204871 351.8196 000.3298 02.25194871005194
1 20169U 89062  B 90086.28709416  .00000122 +00000-0 +10491-2 0  9995
2 20169 007.0323 034.2511 7205053 353.1801 000.6136 02.25193688005234
1 20169U 89062  B 90088.06322356  .00000176 +00000-0 +13801-2 0  9994
2 20169 007.0374 033.5857 7205432 354.5111 000.5089 02.25194806005278
1 20169U 89062  B 90088.95126534  .00000277 +00000-0 +20134-2 0  9991
2 20169 007.0355 033.2501 7205527 355.1778 000.4507 02.25196415005295
1 20169U 89062  B 90089.39526953  .00000316 +00000-0 +22428-2 0  9991
2 20169 007.0264 033.0687 7205744 355.5360 000.4034 02.25197045005306
1 20169U 89062  B 90091.61532979  .00000425 +00000-0 +29157-2 0  9991
2 20169 007.0339 032.2437 7205898 357.1969 000.2292 02.25200120005354
1 20169U 89062  B 90092.94731937  .00000544 +00000-0 +29085-2 0  9995
2 20169 007.0385 031.7422 7206067 358.1981 000.0942 02.25201356005382
1 20169U 89062  B 90099.60734991 -.00000561 +00000-0 -38673-2 0  9992
2 20169 007.0458 029.2223 7207059 003.2532 359.4967 02.25197477005540
1 20169U 89062  B 90099.60739781 -.00000280 +00000-0 +14635-2 0  9993
2 20169 007.0597 029.3261 7206245 003.1747 359.5712 02.25201617005541
1 20169U 89062  B 90105.37780760 -.00000248 +00000-0 +12694-2 0  9995
2 20169 007.0722 027.0130 7206223 007.6450 357.8870 02.25207253005679
1 20169U 89062  B 90106.26727915  .00002328 +00000-0 +13786-1 0  9999
2 20169 007.0667 026.6859 7206489 008.3101 359.0691 02.25225848005692
1 20169U 89062  B 90109.37480189  .00000508 +00000-0 +33431-2 0  9991
2 20169 007.0861 025.5309 7206949 010.6363 358.4894 02.25215851005762
1 20169U 89062  B 90111.15112569 -.00000050 +00000-0 +49830-4 0  9999
2 20169 007.1006 024.8795 7207202 011.9563 358.6351 02.25212276005807
1 20169U 89062  B 90111.59504053  .00000068 +00000-0 -40770-4 0  9993
2 20169 007.1020 024.7139 7207233 012.2879 358.5429 02.25212281005814
1 20169U 89062  B 90114.25888586  .00000713 +00000-0 +37936-2 0  9999
2 20169 007.1086 023.7382 7207894 014.2662 358.3354 02.25220264005871
1 20169U 89062  B 90114.25896653  .00000597 +00000-0 +37993-2 0  9996
2 20169 007.1086 023.7382 7207897 014.2664 358.4009 02.25220272005873
1 20169U 89062  B 90115.59081728  .00000583 +00000-0 +30188-2 0  9997
2 20169 007.1153 023.2532 7207917 015.2449 358.2376 02.25220129005905
1 20169U 89062  B 90116.03498032  .00000558 +00000-0 +28646-2 0  9995
2 20169 007.1284 023.1962 7208071 015.4672 358.3500 02.25219795005916
1 20169U 89062  B 90116.92277591  .00000586 +00000-0 +37074-2 0  9994
2 20169 007.1193 022.8116 7208215 016.1873 358.1645 02.25221929005935
1 20169U 89062  B 90116.92277399  .00000439 +00000-0 +28588-2 0  9997
2 20169 007.1211 022.8825 7207904 016.1246 358.1631 02.25220984005936
1 20169U 89062  B 90119.14260204  .00000459 +00000-0 +29852-2 0  9998
2 20169 007.1285 021.9936 7207731 017.8533 357.9841 02.25223281005983
1 20169U 89062  B 90120.03048952  .00000500 +00000-0 +24933-2 0  9994
2 20169 007.1310 021.7306 7208502 018.4345 357.8676 02.25223353006005
1 20169U 89062  B 90121.80634770  .00000437 +00000-0 +28091-2 0  9997
2 20169 007.1420 021.1441 7208473 019.6889 357.7376 02.25225539006042
1 20169U 89062  B 90122.25155421  .00000565 +00000-0 +28918-2 0  9998
2 20169 007.1402 020.9328 7208190 020.0833 358.7137 02.25226150006051
1 20169U 89062  B 90123.13819378  .00000322 +00000-0 +21492-2 0  9995
2 20169 007.1429 020.6147 7208092 020.7389 357.5995 02.25225834006079
1 20169U 89062  B 90124.02738583 -.00000310 +00000-0 +15742-2 0  9991
2 20169 007.1363 020.2889 7208522 021.4018 358.5535 02.25223715006099
1 20169U 89062  B 90124.02738584  .00000149 +00000-0 +44140-3 0  9996
2 20169 007.1372 020.1893 7207826 021.5233 358.5527 02.25225025006096
1 20169U 89062  B 90132.46125543  .00003075 +00000-0 +17535-1 0  9995
2 20169 007.1587 017.0170 7208515 027.8697 356.8341 02.25242794006295
1 20169U 89062  B 90144.43837725  .00001133 +00000-0 +70123-2 0  9993
2 20169 007.1928 012.5856 7207429 036.8069 348.4170 02.25249213006594
1 20169U 89062  B 90147.99869430  .00001234 +00000-0 +70123-2 0  9997
2 20169 007.2211 012.0848 7206800 038.6501 355.3913 02.25252642006670
1 20169U 89062  B 90156.43290264 -.00000023 +00000-0 +99999-4 0  9999
2 20169 007.1974 008.0530 7207092 045.9323 354.6125 02.25251228006862
1 20169U 89062  B 90156.87655240 -.00000024 +00000-0 +99999-4 0  9997
2 20169 007.2133 007.9482 7206510 046.1896 354.3911 02.25255996006873
1 20169U 89062  B 90156.87658187 -.00000024 +00000-0 +99999-4 0  9990
2 20169 007.2063 007.9859 7206426 046.1454 354.4172 02.25257378006875
1 20169U 89062  B 90158.20826208 -.00000023 +00000-0 +99999-4 0  9999
2 20169 007.2136 007.5699 7208154 047.0646 354.2606 02.25252039006900
1 20169U 89062  B 90159.09609252 -.00000577 +00000-0 +32530-2 0  9995
2 20169 007.2119 007.2208 7206743 047.7527 354.2221 02.25252015006920
1 20169U 89062  B 90159.09613000 -.00000023 +00000-0 +99999-4 0  9991
2 20169 007.2147 007.2687 7207502 047.6925 354.2514 02.25253809006924
1 20169U 89062  B 90165.75428159 -.00000023 +00000-0 +99999-4 0  9990
2 20169 007.2389 004.8436 7206541 052.5785 353.4374 02.25257110007079
1 20169U 89062  B 90169.74918020 -.00000023 +00000-0 +99999-4 0  9994
2 20169 007.2461 003.4124 7206414 055.5040 352.9676 02.25256761007165
1 20169U 89062  B 90172.41275627 -.00000024 +00000-0 +99999-4 0  9992
2 20169 007.2629 002.1961 7204821 057.8009 352.8950 02.25256545007227
1 20169U 89062  B 90172.85629808 -.00000023 +00000-0 +99999-4 0  9993
2 20169 007.2511 002.0668 7206128 058.0621 352.5548 02.25255091007231
1 20169U 89062  B 90173.74405113 -.00000016 +00000-0 +14931-3 0  9997
2 20169 007.2623 001.7921 7204777 058.7125 352.4719 02.25257278007257
1 20169U 89062  B 90173.74409344 -.00000023 +00000-0 +99999-4 0  9993
2 20169 007.2358 002.2090 7207311 058.2761 352.5054 02.25257251007257
1 20169U 89062  B 90176.40722420  .00000152 +00000-0 +48782-3 0  9997
2 20169 007.2757 000.7368 7204125 060.7670 352.0934 02.25257931007312
1 20169U 89062  B 90176.40725383 -.00000016 +00000-0 +14931-3 0  9997
2 20169 007.2804 000.7260 7203968 060.7799 352.1185 02.25257410007313
1 20169U 89062  B 90178.18325855  .00000092 +00000-0 +00000-4 0  9990
2 20169 007.2954 000.3137 7205792 061.8249 352.2844 02.25255801007356
1 20169U 89062  B 90180.84594860 -.00000024 +00000-0 +99999-4 0  9991
2 20169 007.2882 359.2276 7203828 063.9075 351.5709 02.25260001007411
1 20169U 89062  B 90180.84594924  .00000091 +00000-0 +00000-4 0  9990
2 20169 007.2882 359.2275 7203828 063.9074 351.5709 02.25260001007419
1 20169U 89062  B 90184.39670781 -.00000023 +00000-0 +99999-4 0  9991
2 20169 007.2791 357.9295 7204305 066.5498 350.9728 02.25259086007498
1 20169U 89062  B 90184.84095762  .00000091 +00000-0 +00000-4 0  9990
2 20169 007.2666 357.7507 7204336 066.9023 351.2379 02.25263719007501
1 20169U 89062  B 90189.72298784 -.00000585 +00000-0 +34818-2 0  9992
2 20169 007.2574 356.0805 7204217 070.3921 350.2379 02.25258478007613
1 20169U 89062  B 90191.49828328  .00000120 +00000-0 +10107-2 0  9991
2 20169 007.2569 355.2759 7204442 071.8696 349.9014 02.25263161007651
1 20169U 89062  B 90192.82977531  .00000231 +00000-0 +10107-2 0  9993
2 20169 007.2712 355.0454 7203077 072.5931 349.6723 02.25263604007683
1 20169U 89062  B 90197.71192672  .00000156 +00000-0 +12603-2 0  9990
2 20169 007.2592 353.5569 7203346 075.8546 348.8506 02.25266019007791
1 20169U 89062  B 90197.71192686  .00000153 +00000-0 +12593-2 0  9990
2 20169 007.2711 353.2792 7202804 076.1817 348.8449 02.25266043007795
1 20169U 89062  B 90197.71192815  .00000153 +00000-0 +12603-2 0  9996
2 20169 007.2710 353.2788 7202804 076.1821 348.8459 02.25266044007796
1 20169U 89062  B 90197.71192736  .00000270 +00000-0 +12603-2 0  9998
2 20169 007.2592 353.5568 7203346 075.8545 348.8506 02.25266019007799
1 20169U 89062  B 90199.89999991  .00000091 +00000-0 +00000-4 0  9998
2 20169 007.2840 352.9099 7204019 077.4029 323.1330 02.25267055007837
1 20169U 89062  B 90208.80722916  .00000516 +00000-0 +37526-2 0  9994
2 20169 007.2770 349.3492 7201239 084.2309 346.6742 02.25272066008043
1 20169U 89062  B 90208.80803800  .00000580 +00000-0 +42056-2 0  9991
2 20169 007.2823 349.3817 7201003 084.1958 347.3321 02.25272477008048
1 20169U 89062  B 90209.69481430  .00000647 +00000-0 +38744-2 0  9993
2 20169 007.2792 349.0323 7201079 084.8772 346.4853 02.25273168008066
1 20169U 89062  B 90211.91380084  .00000201 +00000-0 +16099-2 0  9999
2 20169 007.2645 348.2340 7201423 086.5080 346.0144 02.25272303008112
1 20169U 89062  B 90211.91380086  .00000315 +00000-0 +16099-2 0  9997
2 20169 007.2645 348.2339 7201424 086.5079 346.0144 02.25272303008119
1 20169U 89062  B 90213.68898311  .00000309 +00000-0 +15787-2 0  9994
2 20169 007.2652 347.6220 7201121 087.7779 345.6456 02.25273088008159
1 20169U 89062  B 90213.69036549  .00000309 +00000-0 +15792-2 0  9998
2 20169 007.2652 347.6223 7201116 087.7781 346.7667 02.25273088008155
1 20169U 89062  B 90215.46413488  .00000056 +00000-0 +64441-3 0  9991
2 20169 007.2688 347.0397 7200903 089.0222 345.2406 02.25272259008196
1 20169U 89062  B 90216.35172576  .00000131 +00000-0 +11560-2 0  9997
2 20169 007.2638 346.7015 7200807 089.6884 345.0569 02.25273154008213
1 20169U 89062  B 90216.79550352  .00000130 +00000-0 +11507-2 0  9997
2 20169 007.2637 346.5476 7200754 090.0073 344.9511 02.25273299008224
1 20169U 89062  B 90217.68305225  .00000127 +00000-0 +11295-2 0  9993
2 20169 007.2642 346.2397 7200656 090.6453 344.7342 02.25273558008248
1 20169U 89062  B 90217.68304921  .00000204 +00000-0 +88990-3 0  9998
2 20169 007.2784 346.2152 7200053 090.6632 344.7280 02.25273044008245
1 20169U 89062  B 90227.44598713  .00000073 +00000-0 -24190-4 0  9995
2 20169 007.2850 342.9833 7199105 097.4479 342.2406 02.25272156008467
1 20169U 89062  B 90228.33335684 -.00000020 +00000-0 +13141-3 0  9995
2 20169 007.2913 342.6205 7198197 098.1300 341.8760 02.25272427008489
1 20169U 89062  B 90228.33335748  .00000094 +00000-0 +13141-3 0  9996
2 20169 007.2913 342.6205 7198196 098.1300 341.8760 02.25272428008489
1 20169U 89062  B 90231.43949634  .00000101 +00000-0 +17943-3 0  9999
2 20169 007.2917 341.5158 7197671 100.3844 340.8816 02.25272602008557
1 20169U 89062  B 90232.77065117  .00000188 +00000-0 +79947-3 0  9999
2 20169 007.2846 341.0918 7198302 101.3105 340.4194 02.25273433008581
1 20169U 89062  B 90232.77067241  .00000095 +00000-0 +13492-3 0  9999
2 20169 007.2863 341.0849 7197991 101.3169 340.4351 02.25272642008582
1 20169U 89062  B 90235.43293922  .00000115 +00000-0 +11097-2 0  9993
2 20169 007.2900 340.1266 7197619 103.2746 339.4866 02.25274375008647
1 20169U 89062  B 90235.43293860  .00000229 +00000-0 +11098-2 0  9991
2 20169 007.2900 340.1265 7197619 103.2745 339.4866 02.25274376008646
1 20169U 89062  B 90236.32031154  .00000104 +00000-0 +10377-2 0  9997
2 20169 007.2947 339.9484 7197453 103.7542 339.1350 02.25274610008660
1 20169U 89062  B 90237.65151975  .00000306 +00000-0 +16539-2 0  9998
2 20169 007.2661 339.3971 7198103 104.8147 338.7347 02.25275919008691
1 20169U 89062  B 90239.86996358  .00000262 +00000-0 +13262-2 0  9996
2 20169 007.2553 338.5615 7198490 106.4722 337.8666 02.25276367008741
1 20169U 89062  B 90240.31365745  .00000250 +00000-0 +12414-2 0  9993
2 20169 007.2557 338.4257 7198555 106.7728 337.6978 02.25276397008755
1 20169U 89062  B 90244.30691518  .00000198 +00000-0 +87005-3 0  9996
2 20169 007.2538 337.1601 7198449 109.5128 336.1985 02.25277118008844
1 20169U 89062  B 90247.41252608  .00000237 +00000-0 +11424-2 0  9999
2 20169 007.2472 336.0756 7198611 111.7530 334.8372 02.25278587008917
1 20169U 89062  B 90248.29978124  .00000280 +00000-0 +15012-2 0  9999
2 20169 007.2680 335.5627 7196821 112.5755 334.3987 02.25279115008935
1 20169U 89062  B 90249.63047914  .00000185 +00000-0 +79797-3 0  9997
2 20169 007.2431 334.8771 7197221 113.7790 333.5928 02.25278806008963
1 20169U 89062  B 90251.40475603  .00000059 +00000-0 -12867-3 0  9991
2 20169 007.2551 334.3184 7196709 114.9862 332.5197 02.25277867009001
1 20169U 89062  B 90252.73568489  .00000111 +00000-0 +25278-3 0  9991
2 20169 007.2616 333.9023 7196619 115.8816 331.9073 02.25278615009030
1 20169U 89062  B 90253.17934853 -.00000041 +00000-0 +23372-4 0  9999
2 20169 007.2530 333.6935 7196820 116.2631 331.7115 02.25278076009045
1 20169U 89062  B 90253.17934790  .00000073 +00000-0 -23372-4 0  9994
2 20169 007.2530 333.6934 7196820 116.2630 331.7115 02.25278076009043
1 20169U 89062  B 90257.17177872 -.00000018 +00000-0 +14520-3 0  9991
2 20169 007.2422 332.1853 7196927 119.2541 329.5740 02.25278636009130
1 20169U 89062  B 90257.61527535  .00000067 +00000-0 +77281-3 0  9991
2 20169 007.2468 332.1041 7196618 119.4935 329.2690 02.25280072009144
1 20169U 89062  B 90259.38951510  .00000161 +00000-0 +14646-2 0  9991
2 20169 007.2530 331.3151 7196902 120.9706 328.1839 02.25281232009182
1 20169U 89062  B 90259.38951511  .00000275 +00000-0 +14646-2 0  9998
2 20169 007.2530 331.3150 7196902 120.9705 328.1839 02.25281232009180
1 20169U 89062  B 90260.27639872  .00000498 +00000-0 +31640-2 0  9991
2 20169 007.2728 331.1742 7195864 121.4117 327.4807 02.25284453009201
1 20169U 89062  B 90267.37264247  .00000293 +00000-0 +16162-2 0  9994
2 20169 007.2315 328.7136 7196050 126.4574 322.6365 02.25284791009360
1 20169U 89062  B 90267.37280190  .00000293 +00000-0 +16157-2 0  9993
2 20169 007.2315 328.7132 7196050 126.4579 322.7658 02.25284790009366
1 20169U 89062  B 90269.59017460  .00000306 +00000-0 +17176-2 0  9994
2 20169 007.2286 327.9400 7195923 128.0541 321.1044 02.25285947009410
1 20169U 89062  B 90280.23071238 -.00000146 +00000-0 +81938-3 0  9992
2 20169 007.2051 324.2859 7195665 135.6307 310.9202 02.25286461009655
1 20169U 89062  B 90285.55032143 -.00000581 +00000-0 -49623-2 0  9992
2 20169 007.2099 322.1217 7195709 139.7431 305.2883 02.25287969009773
1 20169U 89062  B 90289.53839207  .00000267 +00000-0 +14339-2 0  9995
2 20169 007.2082 320.5792 7195634 142.7963 299.7743 02.25291293009863
1 20169U 89062  B 90290.42468470  .00000033 +00000-0 +52376-3 0  9990
2 20169 007.1963 320.2509 7196133 143.4489 298.6006 02.25290793009885
1 20169U 89062  B 90291.31087807  .00000242 +00000-0 +12381-2 0  9993
2 20169 007.1828 320.1425 7195762 143.8286 297.3559 02.25291660009903
1 20169U 89062  B 90293.52683033  .00000309 +00000-0 +17555-2 0  9993
2 20169 007.1813 319.2913 7195391 145.5051 294.6029 02.25293219009954
1 20169U 89062  B 90295.29893774  .00000195 +00000-0 +17488-2 0  9992
2 20169 007.1753 318.6476 7195536 146.8163 291.8726 02.25294034009996
1 20169U 89062  B 90295.29893901  .00000309 +00000-0 +17488-2 0  9991
2 20169 007.1753 318.6475 7195536 146.8162 291.8726 02.25294034009994
1 20169U 89062  B 90296.18495581  .00000072 +00000-0 +81689-3 0  9994
2 20169 007.1656 318.2994 7195820 147.4824 290.4808 02.25293058010012
1 20169U 89062  B 90297.51391818  .00000219 +00000-0 +10639-2 0  9999
2 20169 007.1666 317.7886 7195757 148.4896 288.3405 02.25293684010043
1 20169U 89062  B 90298.39981199  .00000240 +00000-0 +12242-2 0  9999
2 20169 007.1584 317.5050 7195894 149.0950 286.8514 02.25294197010069
1 20169U 89062  B 90300.17156948 -.00000028 +00000-0 +71491-4 0  9993
2 20169 007.1700 316.9001 7196118 150.3591 283.8400 02.25293281010103
1 20169U 89062  B 90301.50039513  .00000221 +00000-0 +10795-2 0  9991
2 20169 007.1617 316.3314 7195918 151.4268 281.5964 02.25294944010131
1 20169U 89062  B 90303.27143551  .00000203 +00000-0 +93676-3 0  9995
2 20169 007.1552 315.7371 7196102 152.6699 278.0116 02.25294914010173
1 20169U 89062  B 90304.59989808  .00000179 +00000-0 +76482-3 0  9992
2 20169 007.1537 315.2196 7196025 153.6812 275.4666 02.25294890010206
1 20169U 89062  B 90305.48546237  .00000096 +00000-0 +98324-3 0  9993
2 20169 007.1514 314.8466 7196532 154.3915 273.7124 02.25295268010223
1 20169U 89062  B 90305.48546110  .00000210 +00000-0 +98324-3 0  9991
2 20169 007.1514 314.8465 7196532 154.3914 273.7124 02.25295268010221
1 20169U 89062  B 90308.14172501  .00000152 +00000-0 +55707-3 0  9999
2 20169 007.1401 313.9188 7196314 156.2918 268.0982 02.25295273010282
1 20169U 89062  B 90309.47006088 -.00000048 +00000-0 +79394-4 0  9996
2 20169 007.1405 313.3779 7196565 157.3425 265.4475 02.25294519010313
1 20169U 89062  B 90311.68313397  .00000076 +00000-0 -11189-4 0  9995
2 20169 007.1348 312.5814 7196392 158.9639 260.3709 02.25294603010365
1 20169U 89062  B 90313.45356444  .00000028 +00000-0 +49004-3 0  9994
2 20169 007.1573 312.0457 7195982 160.1987 256.3021 02.25295550010407
1 20169U 89062  B 90315.22398789  .00000226 +00000-0 +11022-2 0  9997
2 20169 007.1454 311.3626 7196463 161.5223 252.2276 02.25296338010444
1 20169U 89062  B 90315.22441015  .00000067 +00000-0 +78578-3 0  9991
2 20169 007.1212 311.3725 7195607 161.4630 252.5823 02.25296680010447
1 20169U 89062  B 90316.99410692  .00000243 +00000-0 +12258-2 0  9991
2 20169 007.1412 310.6942 7196512 162.8508 247.9077 02.25297011010489
1 20169U 89062  B 90320.09080299  .00000039 +00000-0 +55674-3 0  9996
2 20169 007.1261 309.4690 7197391 165.2119 239.5369 02.25297499010557
1 20169U 89062  B 90321.86020374  .00000196 +00000-0 +87660-3 0  9994
2 20169 007.1032 308.9728 7196620 166.3050 234.6492 02.25298013010599
1 20169U 89062  B 90324.07300411  .00000202 +00000-0 +91629-3 0  9991
2 20169 007.0894 308.1577 7196700 167.9273 229.3880 02.25298689010648
1 20169U 89062  B 90325.40006104  .00000281 +00000-0 +14961-2 0  9991
2 20169 007.0855 307.6676 7196774 168.9157 225.7287 02.25299560010675
1 20169U 89062  B 90328.05350332  .00000167 +00000-0 +65395-3 0  9991
2 20169 007.0828 306.6071 7197069 170.9767 217.8527 02.25299079010732
1 20169U 89062  B 90328.93770497  .00000191 +00000-0 +82985-3 0  9997
2 20169 007.0711 306.3216 7196964 171.5697 215.0125 02.25299560010754
1 20169U 89062  B 90331.14901158  .00000130 +00000-0 +37962-3 0  9992
2 20169 007.0681 305.3742 7198051 173.3439 208.5334 02.25298940010802
1 20169U 89062  B 90336.01227247  .00000008 +00000-0 +32921-3 0  9997
2 20169 007.0536 303.5337 7197788 176.9987 192.9883 02.25299378010917
1 20169U 89062  B 90340.87536486  .00000101 +00000-0 +17129-3 0  9991
2 20169 007.0482 301.6462 7198521 180.7111 177.3122 02.25299461011022
1 20169U 89062  B 90340.87572534 -.00000014 +00000-0 +17206-3 0  9995
2 20169 007.0482 301.6455 7198525 180.7120 177.6046 02.25299462011027
1 20169U 89062  B 90343.52802559  .00000283 +00000-0 +14905-2 0  9992
2 20169 007.0572 300.5718 7197490 182.7484 168.8336 02.25302307011085
1 20169U 89062  B 90344.41192114  .00000442 +00000-0 +25378-2 0  9993
2 20169 007.0358 300.2333 7199579 183.4663 165.7594 02.25303839011100
1 20169U 89062  B 90345.29602312  .00000442 +00000-0 +25626-2 0  9992
2 20169 007.0204 300.1113 7199073 183.9081 162.8443 02.25304404011125
1 20169U 89062  B 90348.39160480  .00000244 +00000-0 +19720-2 0  9999
2 20169 007.0255 298.7978 7199302 186.3752 153.6397 02.25305516011197
1 20169U 89062  B 90349.27595135  .00000325 +00000-0 +17246-2 0  9997
2 20169 007.0170 298.4878 7199462 187.0168 150.9282 02.25305639011217
1 20169U 89062  B 90351.92914412  .00000308 +00000-0 +16097-2 0  9999
2 20169 007.0170 297.5129 7199298 188.9936 142.9204 02.25306721011270
1 20169U 89062  B 90356.79367436  .00000304 +00000-0 +15955-2 0  9995
2 20169 006.9968 295.6313 7199033 192.6829 128.5550 02.25308961011381
1 20169U 89062  B 90360.33221743 -.00000019 +00000-0 +13904-3 0  9997
2 20169 006.9761 294.2841 7199951 195.3318 118.6223 02.25306180011462
1 20169U 89062  B 90364.75734863  .00000108 +00000-0 +21228-3 0  9995
2 20169 006.9463 292.7076 7199989 198.5730 107.8360 02.25306344011563
1 20169U 89062  B 91002.85451625 -.00000063 +00000-0 +16332-3 0  9999
2 20169 006.9478 291.4164 7200008 201.0260 099.9505 02.25306298011634
1 20169U 89062  B 91004.18177725  .00000091 +00000-0 +92126-4 0  9999
2 20169 006.9432 290.9005 7200071 202.0382 096.4915 02.25306674011666
1 20169U 89062  B 91006.39478650  .00000009 +00000-0 +33876-3 0  9990
2 20169 006.9309 290.0887 7199773 203.6743 091.4656 02.25307273011711
1 20169U 89062  B 91010.37935604  .00000141 +00000-0 +44757-3 0  9997
2 20169 006.9176 288.5423 7199434 206.7057 083.3575 02.25307961011801
1 20169U 89062  B 91015.24966196  .00000131 +00000-0 +36877-3 0  9991
2 20169 006.9059 286.4882 7200636 210.5795 073.6766 02.25308660011919
1 20169U 89062  B 91016.13525252  .00000124 +00000-0 +31889-3 0  9994
2 20169 006.8875 286.1560 7200745 211.2308 071.9844 02.25308655011937
1 20169U 89062  B 91016.13531216  .00000018 +00000-0 +39334-3 0  9996
2 20169 006.8973 286.1042 7200686 211.2795 072.0348 02.25308794011930
1 20169U 89062  B 91017.90689639 -.00000053 +00000-0 +82816-4 0  9999
2 20169 006.8829 285.5136 7200552 212.5325 068.9643 02.25308018011977
1 20169U 89062  B 91019.67881105  .00000072 +00000-0 -31187-4 0  9993
2 20169 006.8804 284.8197 7200403 213.8885 066.1695 02.25308054012012
1 20169U 89062  B 91022.33684647 -.00000003 +00000-0 -54699-3 0  9999
2 20169 006.8862 283.6019 7200811 216.1120 062.1048 02.25307108012070
1 20169U 89062  B 91031.19892237  .00000232 +00000-0 +18916-2 0  9992
2 20169 006.8824 280.2224 7199879 222.8484 050.2500 02.25313652012271
1 20169U 89062  B 91036.07406953  .00000378 +00000-0 +20242-2 0  9996
2 20169 006.8652 278.1721 7201238 226.7153 044.6355 02.25317635012389
1 20169U 89062  B 91038.73395028  .00000312 +00000-0 +24087-2 0  9990
2 20169 006.8478 277.1643 7200512 228.7185 042.1817 02.25320484012447
1 20169U 89062  B 91040.06393910  .00000314 +00000-0 +24613-2 0  9994
2 20169 006.8497 276.7028 7199832 229.7049 040.9956 02.25321310012474
1 20169U 89062  B 91040.06402647  .00000424 +00000-0 +24013-2 0  9998
2 20169 006.8489 276.7037 7199824 229.7030 041.0658 02.25321205012470
1 20169U 89062  B 91042.72396276  .00000289 +00000-0 +14621-2 0  9996
2 20169 006.8432 275.6662 7199995 231.7449 038.6634 02.25321709012538
1 20169U 89062  B 91044.05401938  .00000268 +00000-0 +13213-2 0  9999
2 20169 006.8383 275.1410 7199857 232.7679 037.5415 02.25322036012564
1 20169U 89062  B 91046.71426976 -.00000029 +00000-0 +97491-4 0  9991
2 20169 006.8329 274.0899 7199755 234.8151 035.3920 02.25321247012625
1 20169U 89062  B 91048.04453862  .00000093 +00000-0 +11464-3 0  9998
2 20169 006.8300 273.5637 7199579 235.8375 034.4402 02.25321309012658
1 20169U 89062  B 91050.26175682 -.00000028 +00000-0 +10757-3 0  9999
2 20169 006.8252 272.6785 7199342 237.5511 032.9378 02.25321365012700
1 20169U 89062  B 91050.70520767  .00000082 +00000-0 +42148-4 0  9995
2 20169 006.8277 272.4564 7199327 237.9383 032.6436 02.25321277012719
1 20169U 89062  B 91052.03555532  .00000204 +00000-0 +90451-3 0  9996
2 20169 006.8040 271.9225 7198596 238.9775 031.7604 02.25322946012742
1 20169U 89062  B 91054.69640086  .00000141 +00000-0 +46373-3 0  9993
2 20169 006.8066 270.9496 7198000 240.9818 030.1103 02.25322669012806
1 20169U 89062  B 91056.02681349  .00000167 +00000-0 +65247-3 0  9998
2 20169 006.7947 270.2878 7198091 242.1074 029.2897 02.25323587012830
1 20169U 89062  B 91058.68763355  .00000166 +00000-0 +64683-3 0  9992
2 20169 006.7907 269.2357 7197754 244.1574 027.6382 02.25324056012897
1 20169U 89062  B 91059.57465463  .00000177 +00000-0 +73228-3 0  9997
2 20169 006.7899 268.8000 7197604 244.9169 027.1590 02.25324401012912
1 20169U 89062  B 91060.01810696  .00000154 +00000-0 +14369-2 0  9995
2 20169 006.7821 268.6811 7197346 245.2092 026.8709 02.25325674012929
1 20169U 89062  B 91062.67938497  .00000253 +00000-0 +12931-2 0  9992
2 20169 006.7820 267.6157 7197068 247.2725 025.6107 02.25326422012983
1 20169U 89062  B 91063.56648777  .00000352 +00000-0 +20055-2 0  9996
2 20169 006.7789 267.2267 7197294 247.9949 025.2043 02.25327937013002
1 20169U 89062  B 91066.67133483  .00000171 +00000-0 +15355-2 0  9990
2 20169 006.8215 266.0734 7198331 250.3856 023.7674 02.25329203013079
1 20169U 89062  B 91066.67133301  .00000224 +00000-0 +10543-2 0  9992
2 20169 006.8147 266.0744 7198154 250.3744 023.7604 02.25328476013077
1 20169U 89062  B 91067.55847951  .00000090 +00000-0 +96927-3 0  9995
2 20169 006.8063 265.7336 7197760 251.0456 023.3919 02.25328605013098
1 20169U 89062  B 91068.00207960  .00000222 +00000-0 +10645-2 0  9995
2 20169 006.7956 265.5907 7197108 251.3420 023.2301 02.25328840013107
1 20169U 89062  B 91070.66346128  .00000189 +00000-0 +82762-3 0  9992
2 20169 006.7965 264.5275 7196996 253.4017 022.0812 02.25329138013164
1 20169U 89062  B 91071.55059850  .00000189 +00000-0 +82678-3 0  9990
2 20169 006.7950 264.1736 7196861 254.0875 021.7077 02.25329339013180
1 20169U 89062  B 91071.99418878  .00000193 +00000-0 +86418-3 0  9998
2 20169 006.7921 264.0076 7196622 254.4152 021.5398 02.25329511013198
1 20169U 89062  B 91074.65572506  .00000067 +00000-0 +83909-3 0  9995
2 20169 006.7800 262.9324 7196029 256.4722 020.5261 02.25330041013258
1 20169U 89062  B 91075.54294159  .00000013 +00000-0 +43251-3 0  9996
2 20169 006.7921 262.6023 7196238 257.1593 020.2064 02.25329202013278
1 20169U 89062  B 91075.98655896  .00000135 +00000-0 +44190-3 0  9991
2 20169 006.7917 262.4345 7196159 257.4935 020.0595 02.25329282013289
1 20169U 89062  B 91080.86642864  .00000120 +00000-0 +33823-3 0  9990
2 20169 006.7868 260.5683 7195439 261.1971 018.5031 02.25329533013398
1 20169U 89062  B 91082.64095448  .00000261 +00000-0 +14311-2 0  9994
2 20169 006.7456 259.9939 7194336 262.4580 017.9915 02.25332609013439
1 20169U 89062  B 91083.97180416  .00000144 +00000-0 +14655-2 0  9992
2 20169 006.7490 259.4916 7194252 263.4586 017.5649 02.25333165013462
1 20169U 89062  B 91083.97180384  .00000266 +00000-0 +14655-2 0  9991
2 20169 006.7490 259.4915 7194252 263.4586 017.5649 02.25333166013462
1 20169U 89062  B 91087.96450080  .00000277 +00000-0 +15620-2 0  9992
2 20169 006.7475 257.9137 7193882 266.5265 016.4234 02.25334902013557
1 20169U 89062  B 91091.95737334  .00000270 +00000-0 +15198-2 0  9999
2 20169 006.7454 256.3386 7193499 269.5918 015.4450 02.25336373013648
1 20169U 89062  B 91093.28833070  .00000269 +00000-0 +15201-2 0  9994
2 20169 006.7460 255.7885 7193326 270.6367 015.1247 02.25336876013674
1 20169U 89062  B 91094.61927300  .00000279 +00000-0 +16043-2 0  9998
2 20169 006.7281 255.3529 7193089 271.5890 014.7860 02.25337962013700
1 20169U 89062  B 91096.39391092  .00000277 +00000-0 +15970-2 0  9994
2 20169 006.7251 254.6876 7192917 272.9183 014.3894 02.25338649013743
1 20169U 89062  B 91098.61216084  .00000232 +00000-0 +12797-2 0  9993
2 20169 006.7271 253.5564 7191369 274.8653 013.8586 02.25338861013793
1 20169U 89062  B 91099.94306419  .00000201 +00000-0 +10308-2 0  9994
2 20169 006.7280 253.0966 7191367 275.8281 013.5002 02.25338950013823
1 20169U 89062  B 91102.60507818  .00000050 +00000-0 -19709-3 0  9996
2 20169 006.7292 252.1070 7190746 277.8251 012.9391 02.25337863013883
1 20169U 89062  B 91104.82353222  .00000029 +00000-0 -36691-3 0  9995
2 20169 006.7384 251.2131 7191261 279.5198 012.5685 02.25337683013933
1 20169U 89062  B 91106.59826204  .00000213 +00000-0 +11410-2 0  9991
2 20169 006.7225 250.3796 7190654 280.9978 012.2567 02.25339241013973
1 20169U 89062  B 91107.48554691  .00000259 +00000-0 +15474-2 0  9992
2 20169 006.7251 249.8294 7189814 281.8725 012.0425 02.25339907013996
1 20169U 89062  B 91111.47855366  .00000095 +00000-0 +11959-2 0  9991
2 20169 006.7145 248.5084 7189938 284.7376 011.2236 02.25340859014082
1 20169U 89062  B 91111.47861203  .00000210 +00000-0 +11457-2 0  9990
2 20169 006.7124 248.5134 7189544 284.7373 011.2702 02.25340789014085
1 20169U 89062  B 91112.36604404  .00000216 +00000-0 +12110-2 0  9990
2 20169 006.7047 248.4443 7188780 285.1554 011.1651 02.25341125014108
1 20169U 89062  B 91115.47186170  .00000163 +00000-0 +76832-3 0  9993
2 20169 006.7013 247.3867 7188415 287.3831 010.6610 02.25341210014177
1 20169U 89062  B 91116.80294811  .00000164 +00000-0 +77204-3 0  9998
2 20169 006.7052 246.7088 7188314 288.5500 010.4626 02.25341156014200
1 20169U 89062  B 91119.46508718  .00000154 +00000-0 +68879-3 0  9994
2 20169 006.7157 245.6846 7188230 290.5606 010.0454 02.25341503014260
1 20169U 89062  B 91120.35248968  .00000115 +00000-0 +35794-3 0  9999
2 20169 006.7144 245.3630 7188086 291.2103 009.9215 02.25341201014282
1 20169U 89062  B 91122.57094916 -.00000096 +00000-0 +41400-3 0  9997
2 20169 006.6987 244.5939 7187230 292.8135 009.5666 02.25340112014333
1 20169U 89062  B 91122.57094948  .00000027 +00000-0 -41400-3 0  9996
2 20169 006.6987 244.5939 7187230 292.8134 009.5666 02.25340113014333
1 20169U 89062  B 91124.34574315 -.00000107 +00000-0 +51470-3 0  9991
2 20169 006.7125 243.9318 7187109 294.1305 009.3119 02.25340262014372
1 20169U 89062  B 91124.34574958 -.00000078 +00000-0 +26091-3 0  9992
2 20169 006.6927 243.8953 7186709 294.1783 009.3173 02.25340237014372
1 20169U 89062  B 91125.67682661  .00000059 +00000-0 -12670-3 0  9997
2 20169 006.7162 243.3270 7186830 295.2280 009.1164 02.25340666014408
1 20169U 89062  B 91128.33897389  .00000013 +00000-0 -54154-3 0  9991
2 20169 006.7251 242.2545 7186764 297.2818 008.6940 02.25339837014465
1 20169U 89062  B 91128.78266834 -.00000000 +00000-0 -66648-3 0  9993
2 20169 006.7210 242.0285 7186768 297.6669 008.6256 02.25339565014470
1 20169U 89062  B 91132.77607907 -.00000212 +00000-0 -25724-2 0  9991
2 20169 006.7117 240.4841 7186079 300.6820 008.1039 02.25336175014563
1 20169U 89062  B 91136.32585204  .00000108 +00000-0 +14305-2 0  9996
2 20169 006.6658 239.1625 7185039 303.3571 007.7337 02.25340016014649
1 20169U 89062  B 91136.32585141  .00000230 +00000-0 +14305-2 0  9992
2 20169 006.6658 239.1624 7185039 303.3571 007.7337 02.25340017014649
1 20169U 89062  B 91137.21318569  .00000097 +00000-0 +13354-2 0  9993
2 20169 006.6582 238.7776 7184839 304.0682 007.5524 02.25340142014663
1 20169U 89062  B 91139.43160795  .00000099 +00000-0 +23247-3 0  9990
2 20169 006.6735 237.9721 7184326 305.7121 007.1654 02.25339296014715
1 20169U 89062  B 91140.31910485  .00000005 +00000-0 +49843-3 0  9995
2 20169 006.6702 237.5919 7184095 306.4141 007.1192 02.25339726014734
1 20169U 89062  B 91141.20651063  .00000124 +00000-0 +47090-3 0  9992
2 20169 006.6692 237.2468 7184053 307.0890 006.9968 02.25339779014758
1 20169U 89062  B 91144.31253317  .00000068 +00000-0 +11040-2 0  9999
2 20169 006.6561 235.9044 7183108 309.5744 006.6667 02.25341212014829
1 20169U 89062  B 91145.19992816  .00000205 +00000-0 +12405-2 0  9999
2 20169 006.6586 235.5974 7183243 310.2133 006.5426 02.25341669014845
1 20169U 89062  B 91148.74964942  .00000158 +00000-0 +78918-3 0  9991
2 20169 006.6714 234.4433 7183768 312.6639 006.1534 02.25341976014921
1 20169U 89062  B 91156.29277644 -.00000117 +00000-0 +66090-3 0  9990
2 20169 006.6516 231.6568 7182807 318.2422 005.3136 02.25341246015092
1 20169U 89062  B 91157.18021288  .00000046 +00000-0 -26191-3 0  9999
2 20169 006.6506 231.3239 7182794 318.9043 005.2280 02.25341733015117
1 20169U 89062  B 91160.28628991 -.00000076 +00000-0 -14546-2 0  9992
2 20169 006.6468 230.1221 7182347 321.2659 004.9322 02.25339736015186
1 20169U 89062  B 91164.72345531  .00000126 +00000-0 +49170-3 0  9997
2 20169 006.6554 228.6737 7183299 324.3389 004.4442 02.25340770015286
1 20169U 89062  B 91168.27306778  .00000264 +00000-0 +18363-2 0  9993
2 20169 006.6426 227.3038 7182307 326.9861 003.9766 02.25342830015367
1 20169U 89062  B 91179.36630931  .00000025 +00000-0 +69357-3 0  9991
2 20169 006.6196 222.7737 7180498 335.6434 002.9728 02.25339826015614
1 20169U 89062  B 91180.25375206 -.00000020 +00000-0 +24591-3 0  9999
2 20169 006.6170 222.3652 7180304 336.3788 002.8773 02.25339401015634
1 20169U 89062  B 91181.14121199  .00000139 +00000-0 +64164-3 0  9998
2 20169 006.6183 222.1946 7180850 336.8799 002.7992 02.25339908015651
1 20169U 89062  B 91184.24728730  .00000074 +00000-0 -20846-5 0  9996
2 20169 006.6136 221.0003 7180871 339.2241 002.4889 02.25339179015723
1 20169U 89062  B 91186.46595230 -.00000072 +00000-0 +27493-3 0  9990
2 20169 006.6111 220.0967 7180676 340.9493 002.2967 02.25338657015775
1 20169U 89062  B 91186.46595090 -.00000145 +00000-0 +93905-3 0  9996
2 20169 006.6420 220.6668 7184169 340.3135 002.2836 02.25337301015770
1 20169U 89062  B 91189.12848582 -.00000063 +00000-0 -12860-2 0  9999
2 20169 006.6345 219.6449 7184236 342.3246 002.1467 02.25336330015838
1 20169U 89062  B 91193.12204866 -.00000155 +00000-0 +10369-2 0  9998
2 20169 006.6223 218.1387 7184484 345.3247 001.7357 02.25335707015927
1 20169U 89062  B 91195.34062804  .00000267 +00000-0 +17677-2 0  9990
2 20169 006.6476 217.3736 7184980 346.8658 001.5009 02.25338643015978
1 20169U 89062  B 91196.22809830  .00000249 +00000-0 +16049-2 0  9998
2 20169 006.6391 217.0317 7184893 347.5364 001.4250 02.25338753015992
1 20169U 89062  B 91198.44675308  .00000060 +00000-0 -13366-3 0  9997
2 20169 006.6221 216.0911 7185039 349.2871 001.2141 02.25337099016044
1 20169U 89062  B 91201.10920932 -.00000011 +00000-0 +28117-3 0  9997
2 20169 006.6185 215.1881 7185394 351.1824 001.0275 02.25337923016102
1 20169U 89062  B 91202.44041257  .00000107 +00000-0 +28990-3 0  9993
2 20169 006.6151 214.6982 7185684 352.1657 000.9134 02.25338028016130
1 20169U 89062  B 91204.65907145 -.00000068 +00000-0 -12831-2 0  9999
2 20169 006.6077 213.9352 7186434 353.7398 000.6888 02.25335428016182
1 20169U 89062  B 91215.30856959 -.00000578 +00000-0 +46991-2 0  9998
2 20169 006.5668 209.7856 7187760 001.8164 359.7057 02.25336070016421
1 20169U 89062  B 91216.19609847 -.00000535 +00000-0 +43049-2 0  9992
2 20169 006.5656 209.4782 7188027 002.4521 359.6734 02.25335295016445
1 20169U 89062  B 91216.19610497 -.00000282 +00000-0 -30946-2 0  9997
2 20169 006.5666 209.5511 7188225 002.3764 359.6806 02.25335892016448
1 20169U 89062  B 91217.08359226  .00000007 +00000-0 -58925-3 0  9998
2 20169 006.5655 209.2867 7188512 002.9703 359.6193 02.25336902016469
1 20169U 89062  B 91222.40834709  .00000122 +00000-0 +13769-2 0  9997
2 20169 006.5263 206.9093 7188059 007.3705 359.1259 02.25338957016589
1 20169U 89062  B 91222.40834710  .00000235 +00000-0 +13769-2 0  9994
2 20169 006.5263 206.9093 7188059 007.3704 359.1259 02.25338958016589
1 20169U 89062  B 91226.40179477  .00000247 +00000-0 +14384-2 0  9997
2 20169 006.5080 205.4930 7189525 010.2523 358.6712 02.25339731016679
1 20169U 89062  B 91230.39539125  .00000292 +00000-0 +17444-2 0  9990
2 20169 006.5024 204.1755 7191522 013.0061 358.3608 02.25340850016761
1 20169U 89062  B 91232.17034855  .00000288 +00000-0 +16858-2 0  9991
2 20169 006.5005 203.5153 7192218 014.3077 358.2445 02.25341207016809
1 20169U 89062  B 91233.05780597  .00000276 +00000-0 +15889-2 0  9990
2 20169 006.4977 203.1640 7192343 014.9898 358.1701 02.25341469016825
1 20169U 89062  B 91237.05126196  .00000289 +00000-0 +16706-2 0  9996
2 20169 006.4847 201.5859 7192899 018.0577 357.7692 02.25343206016915
1 20169U 89062  B 91239.26984899  .00000023 +00000-0 +45226-3 0  9999
2 20169 006.4781 200.4436 7192139 020.0466 357.5458 02.25342146016963
1 20169U 89062  B 91239.26984900  .00000134 +00000-0 +45226-3 0  9995
2 20169 006.4781 200.4436 7192139 020.0465 357.5458 02.25342147016963
1 20169U 89062  B 91241.04472219  .00000235 +00000-0 +12335-2 0  9995
2 20169 006.4740 199.9838 7193311 021.1452 357.3857 02.25343450017002
1 20169U 89062  B 91244.15081009  .00000107 +00000-0 +10822-2 0  9990
2 20169 006.4614 198.7269 7193784 023.5714 357.1424 02.25344137017076
1 20169U 89062  B 91244.15080826  .00000113 +00000-0 +11100-2 0  9993
2 20169 006.4681 198.7420 7194434 023.5510 357.1458 02.25344089017079
1 20169U 89062  B 91245.03824227  .00000223 +00000-0 +11076-2 0  9996
2 20169 006.4657 198.3872 7194579 024.2368 357.0626 02.25344345017091
1 20169U 89062  B 91249.03162510  .00000224 +00000-0 +10968-2 0  9990
2 20169 006.4529 196.7980 7195217 027.3170 356.6416 02.25345492017182
1 20169U 89062  B 91253.46871865  .00000237 +00000-0 +11804-2 0  9996
2 20169 006.4368 195.0049 7195760 030.7686 356.2029 02.25347224017286
1 20169U 89062  B 91257.01840511  .00000237 +00000-0 +11665-2 0  9990
2 20169 006.4246 193.5879 7196386 033.5109 355.8766 02.25348300017369
1 20169U 89062  B 91261.45543420  .00000253 +00000-0 +12673-2 0  9990
2 20169 006.4156 191.7341 7196848 037.0199 355.4378 02.25350360017469
1 20169U 89062  B 91264.11759293  .00000147 +00000-0 +12462-2 0  9991
2 20169 006.4105 190.6925 7198060 039.0382 355.1284 02.25351062017523
1 20169U 89062  B 91265.00498829  .00000255 +00000-0 +12449-2 0  9990
2 20169 006.4081 190.3325 7198253 039.7285 355.0363 02.25351361017541
1 20169U 89062  B 91268.11088252  .00000147 +00000-0 +12042-2 0  9999
2 20169 006.3988 189.1052 7199380 042.1053 354.7186 02.25352052017617
1 20169U 89062  B 91268.99827709  .00000314 +00000-0 +16002-2 0  9999
2 20169 006.3668 188.0464 7200234 043.5836 354.5938 02.25352060017636
1 20169U 89062  B 91271.21666722  .00000133 +00000-0 +10825-2 0  9990
2 20169 006.3604 187.0861 7200500 045.3765 354.2903 02.25352176017685
1 20169U 89062  B 91272.99142501  .00000328 +00000-0 +16702-2 0  9996
2 20169 006.3548 186.3869 7200811 046.7379 354.1041 02.25354141017724
1 20169U 89062  B 91275.20981209  .00000358 +00000-0 +18563-2 0  9999
2 20169 006.3484 185.4738 7201132 048.4812 353.8294 02.25355821017773
1 20169U 89062  B 91276.09715171  .00000328 +00000-0 +16326-2 0  9992
2 20169 006.3537 185.3177 7201973 048.9737 353.7066 02.25355565017795
1 20169U 89062  B 91276.09719697  .00000380 +00000-0 +19717-2 0  9994
2 20169 006.3539 185.3192 7201976 048.9714 353.7555 02.25356406017790
1 20169U 89062  B 91280.09023762  .00000353 +00000-0 +17172-2 0  9993
2 20169 006.3451 183.6524 7204061 052.1259 353.2740 02.25359964017885
1 20169U 89062  B 91286.30155623  .00000483 +00000-0 +24468-2 0  9995
2 20169 006.3125 180.9579 7205618 057.1605 352.5315 02.25365403018024
1 20169U 89062  B 91287.63245429  .00000559 +00000-0 +28530-2 0  9994
2 20169 006.2991 180.5473 7206519 058.0549 352.3096 02.25366716018056
1 20169U 89062  B 91291.62526071  .00000497 +00000-0 +24811-2 0  9992
2 20169 006.3204 178.6497 7206528 061.4761 351.7495 02.25369236018148
1 20169U 89062  B 91296.94887339  .00000410 +00000-0 +19163-2 0  9998
2 20169 006.3014 176.3821 7207613 065.7431 350.9591 02.25372248018268
1 20169U 89062  B 91300.94152333  .00000384 +00000-0 +17370-2 0  9991
2 20169 006.2673 174.6995 7208254 068.9239 350.3493 02.25374182018358
1 20169U 89062  B 91304.04678652  .00000720 +00000-0 +35724-2 0  9990
2 20169 006.2789 173.3557 7209405 071.4099 349.8334 02.25379758018427
1 20169U 89062  B 91306.26468275  .00000689 +00000-0 +33992-2 0  9993
2 20169 006.2825 172.2166 7209354 073.4204 349.3579 02.25382172018470
1 20169U 89062  B 91306.70827061  .00000473 +00000-0 +21561-2 0  9994
2 20169 006.2698 172.0671 7210042 073.7234 349.2643 02.25381072018489
1 20169U 89062  B 91310.25705349  .00000603 +00000-0 +28435-2 0  9995
2 20169 006.2658 170.5669 7210513 076.5526 348.6736 02.25385497018574
1 20169U 89062  B 91311.14420277  .00000591 +00000-0 +27796-2 0  9993
2 20169 006.2651 170.1327 7210474 077.3279 348.4916 02.25386196018591
1 20169U 89062  B 91316.02344535  .00000513 +00000-0 +23267-2 0  9990
2 20169 006.2602 168.0370 7210920 081.2564 347.4739 02.25389631018700
1 20169U 89062  B 91319.57187855  .00000720 +00000-0 +33816-2 0  9994
2 20169 006.2881 166.4072 7211780 084.2620 346.6667 02.25394893018786
1 20169U 89062  B 91323.56367314  .00000350 +00000-0 +19374-2 0  9990
2 20169 006.2777 164.9075 7212206 087.2171 345.6773 02.25395821018873
1 20169U 89062  B 91324.00736210  .00000308 +00000-0 +11805-2 0  9999
2 20169 006.2903 164.4895 7212317 087.8580 345.6937 02.25395780018889
1 20169U 89062  B 91326.66841231  .00000103 +00000-0 +63650-3 0  9992
2 20169 006.2867 163.3587 7212620 089.9959 344.9223 02.25395620018944
1 20169U 89062  B 91328.88600721  .00000389 +00000-0 +15702-2 0  9995
2 20169 006.2703 162.4430 7213270 091.7405 344.3450 02.25398648018993
1 20169U 89062  B 91331.99047822  .00000385 +00000-0 +15524-2 0  9996
2 20169 006.2757 161.1249 7213114 094.2150 343.4273 02.25400459019064
1 20169U 89062  B 91332.43398588  .00000278 +00000-0 +15272-2 0  9995
2 20169 006.2756 160.9564 7213154 094.5455 343.3051 02.25400611019079
1 20169U 89062  B 91332.87747886  .00000378 +00000-0 +15222-2 0  9998
2 20169 006.2779 160.7611 7213030 094.9045 343.1735 02.25400857019087
1 20169U 89062  B 91335.98185606  .00000268 +00000-0 +14720-2 0  9999
2 20169 006.2774 159.3656 7213252 097.4897 342.1954 02.25402465019151
1 20169U 89062  B 91335.98185481  .00000370 +00000-0 +14720-2 0  9994
2 20169 006.2774 159.3655 7213252 097.4896 342.1954 02.25402466019150
1 20169U 89062  B 91336.42533278  .00000268 +00000-0 +14678-2 0  9993
2 20169 006.2776 159.1987 7213284 097.8169 342.0539 02.25402692019160
1 20169U 89062  B 91343.96368798  .00000405 +00000-0 +16305-2 0  9995
2 20169 006.2911 155.5812 7213743 104.3432 339.1074 02.25408612019333
1 20169U 89062  B 91343.96377397  .00000408 +00000-0 +16453-2 0  9997
2 20169 006.2911 155.5781 7213731 104.3470 339.1771 02.25408627019337
1 20169U 89062  B 91347.95436910  .00000303 +00000-0 +16401-2 0  9994
2 20169 006.3177 153.8219 7213532 107.6077 337.4387 02.25411254019421
1 20169U 89062  B 91348.84112059  .00000440 +00000-0 +18168-2 0  9992
2 20169 006.3239 153.4394 7213464 108.3242 337.0282 02.25412472019441
1 20169U 89062  B 91351.94476606  .00000514 +00000-0 +22003-2 0  9993
2 20169 006.3266 152.1125 7213371 110.8210 335.6217 02.25416516019512
1 20169U 89062  B 91352.83144341  .00000545 +00000-0 +23556-2 0  9998
2 20169 006.3275 151.7351 7213334 111.5327 335.1724 02.25418074019535
1 20169U 89062  B 91355.04809183  .00000544 +00000-0 +23572-2 0  9993
2 20169 006.3315 150.7821 7213249 113.3214 333.9971 02.25420128019589
1 20169U 89062  B 91355.93471740  .00000452 +00000-0 +24092-2 0  9991
2 20169 006.3330 150.4027 7213208 114.0352 333.5114 02.25421267019600
1 20169U 89062  B 91356.37801691  .00000554 +00000-0 +24071-2 0  9992
2 20169 006.3339 150.2124 7213188 114.3925 333.2554 02.25421672019617
1 20169U 89062  B 91357.00000000  .00000083 +00000-0 +00000-0 0  9999
2 20169 006.3376 149.8175 7212233 115.0963 118.0064 02.25419062019624
1 20169U 89062  B 91361.25380662  .00000759 +00000-0 +40399-2 0  9993
2 20169 006.3548 147.8686 7212484 118.6204 330.1048 02.25430572019724
1 20169U 89062  B 91361.25380663  .00000862 +00000-0 +40399-2 0  9999
2 20169 006.3548 147.8685 7212484 118.6204 330.1048 02.25430572019723
1 20169U 89062  B 91363.47007523  .00000538 +00000-0 +28447-2 0  9996
2 20169 006.3740 146.7497 7213264 120.5775 328.6994 02.25431437019776
1 20169U 89062  B 91363.91325546  .00000530 +00000-0 +23085-2 0  9998
2 20169 006.3689 146.6417 7212730 120.8529 328.3524 02.25430549019786
1 20169U 89062  B 91364.79974180  .00000460 +00000-0 +19572-2 0  9997
2 20169 006.3689 146.2945 7212487 121.5346 327.7693 02.25430361019807
1 20169U 89062  B 92002.45886308  .00000426 +00000-0 +18136-2 0  9991
2 20169 006.3361 145.1353 7211573 123.7293 325.7571 02.25431907019861
1 20169U 89062  B 92002.45889151  .00000425 +00000-0 +18110-2 0  9991
2 20169 006.3332 145.1283 7211626 123.7369 325.7798 02.25431879019863
1 20169U 89062  B 92002.45892407  .00000489 +00000-0 +21702-2 0  9990
2 20169 006.3643 145.3025 7211160 123.5323 325.8199 02.25432735019863
1 20169U 89062  B 92006.44717364  .00000543 +00000-0 +24496-2 0  9995
2 20169 006.3364 143.3707 7211282 127.0074 322.4986 02.25435910019950
1 20169U 89062  B 92007.77689090  .00000458 +00000-0 +26070-2 0  9991
2 20169 006.3731 143.1581 7210283 127.6993 321.6534 02.25437098019940
1 20169U 89062  B 92007.77693309  .00000312 +00000-0 +18070-2 0  9999
2 20169 006.3776 143.0944 7210410 127.7468 321.6874 02.25435707019943
1 20169U 89062  B 92019.73747779  .00000190 +00000-0 +61233-3 0  9993
2 20169 006.4181 137.7204 7208393 137.7282 308.5893 02.25441434020216
1 20169U 89062  B 92022.83763147  .00000363 +00000-0 +16322-2 0  9995
2 20169 006.4161 136.6780 7207045 139.8803 304.6583 02.25444463020281
1 20169U 89062  B 92025.49521741  .00000191 +00000-0 +63986-3 0  9990
2 20169 006.4525 135.4907 7206575 142.0857 301.5156 02.25443745020346
1 20169U 89062  B 92026.38063567  .00000164 +00000-0 +48975-3 0  9997
2 20169 006.4510 135.1435 7206290 142.7641 300.1132 02.25443606020362
1 20169U 89062  B 92028.15170247  .00000193 +00000-0 +66044-3 0  9997
2 20169 006.4574 134.4114 7206074 144.1640 297.5011 02.25444168020407
1 20169U 89062  B 92029.47982854  .00000259 +00000-0 +10565-2 0  9997
2 20169 006.4625 133.8658 7205854 145.2088 295.4106 02.25445393020439
1 20169U 89062  B 92029.92251621  .00000323 +00000-0 +14406-2 0  9998
2 20169 006.4609 133.6628 7205836 145.5793 294.7044 02.25446518020446
1 20169U 89062  B 92034.34846593  .00000217 +00000-0 +14302-2 0  9995
2 20169 006.4674 131.7306 7206487 149.1736 286.8996 02.25450014020545
1 20169U 89062  B 92034.34861897  .00000628 +00000-0 +39554-2 0  9991
2 20169 006.4775 131.7958 7205067 149.1144 287.0148 02.25453911020547
1 20169U 89062  B 92035.67615426  .00000575 +00000-0 +31221-2 0  9997
2 20169 006.4724 131.2604 7202999 150.1385 284.4632 02.25453970020571
1 20169U 89062  B 92037.44623892  .00000647 +00000-0 +42720-2 0  9996
2 20169 006.4784 130.5462 7202808 151.5231 281.1403 02.25458318020611
1 20169U 89062  B 92037.88871738  .00000781 +00000-0 +44340-2 0  9997
2 20169 006.4802 130.3674 7202781 151.8691 280.2795 02.25459304020629
1 20169U 89062  B 92038.33119528  .00000675 +00000-0 +44555-2 0  9990
2 20169 006.4820 130.1888 7202718 152.2139 279.4176 02.25459976020635
1 20169U 89062  B 92039.21611504  .00000801 +00000-0 +45786-2 0  9997
2 20169 006.4854 129.8313 7202623 152.9042 277.6700 02.25461564020656
1 20169U 89062  B 92041.42813985  .00000056 +00000-0 -15904-3 0  9993
2 20169 006.4906 128.8944 7202074 154.7137 273.0141 02.25456718020708
1 20169U 89062  B 92042.75442627  .00000580 +00000-0 +39231-2 0  9990
2 20169 006.4623 128.0386 7201882 156.0329 269.5342 02.25463448020734
1 20169U 89062  B 92043.19629290  .00000719 +00000-0 +41249-2 0  9998
2 20169 006.4643 127.8600 7201800 156.3758 268.1847 02.25464331020749
1 20169U 89062  B 92045.40769592  .00000650 +00000-0 +37019-2 0  9998
2 20169 006.4765 127.0036 7201487 158.0641 263.1092 02.25466136020797
1 20169U 89062  B 92046.73436534  .00000539 +00000-0 +37002-2 0  9990
2 20169 006.4809 126.4652 7201326 159.1006 259.9358 02.25467630020824
1 20169U 89062  B 92046.73436549  .00000648 +00000-0 +37002-2 0  9997
2 20169 006.4809 126.4652 7201326 159.1005 259.9358 02.25467630020823
1 20169U 89062  B 92049.38832960  .00000178 +00000-0 +64728-3 0  9992
2 20169 006.5169 125.6080 7200757 160.9558 254.0579 02.25464876020885
1 20169U 89062  B 92050.71468662  .00000327 +00000-0 +16243-2 0  9999
2 20169 006.5117 124.9959 7200869 162.0629 250.6280 02.25466500020912
1 20169U 89062  B 92053.36690062  .00000427 +00000-0 +23640-2 0  9994
2 20169 006.5574 123.7339 7199235 164.3401 243.3779 02.25469083020972
1 20169U 89062  B 92054.69198085  .00000441 +00000-0 +24612-2 0  9995
2 20169 006.5623 123.1937 7199120 165.3750 238.9289 02.25470170021006
1 20169U 89062  B 92055.57590424  .00000406 +00000-0 +22602-2 0  9994
2 20169 006.5637 122.9390 7198357 165.9663 236.3916 02.25470248021028
1 20169U 89062  B 92058.22795582  .00000347 +00000-0 +18620-2 0  9990
2 20169 006.5786 121.8625 7198095 168.0337 229.0336 02.25471269021088
1 20169U 89062  B 92062.64662030  .00000369 +00000-0 +20704-2 0  9992
2 20169 006.5933 120.1346 7196660 171.4098 215.6482 02.25473863021188
1 20169U 89062  B 92062.64677487  .00000369 +00000-0 +20704-2 0  9994
2 20169 006.5933 120.1346 7196660 171.4099 215.7737 02.25473863021183
1 20169U 89062  B 92065.29775811  .00000249 +00000-0 +12172-2 0  9995
2 20169 006.6017 118.9795 7196732 173.5594 207.5774 02.25474017021242
1 20169U 89062  B 92068.38975067  .00000410 +00000-0 +25219-2 0  9999
2 20169 006.6014 118.0790 7193447 175.6149 197.3441 02.25474989021317
1 20169U 89062  B 92071.04192548  .00000098 +00000-0 +14641-3 0  9991
2 20169 006.6228 117.1032 7193783 177.5364 190.1254 02.25473856021377
1 20169U 89062  B 92074.57650766  .00000043 +00000-0 -27525-3 0  9999
2 20169 006.6230 115.6848 7191868 180.3172 179.1473 02.25473776021459
1 20169U 89062  B 92079.87745606 -.00000067 +00000-0 +24405-3 0  9995
2 20169 006.6407 113.6507 7191006 184.3388 161.9292 02.25473595021572
1 20169U 89062  B 92080.76106861  .00000092 +00000-0 +10741-3 0  9994
2 20169 006.6480 113.3208 7191501 184.9922 159.1676 02.25474347021591
1 20169U 89062  B 92083.00000000 -.00000037 +00000-0 +00000-0 0  9996
2 20169 006.6802 112.4222 7190789 186.6964 176.5390 02.25480788021612
1 20169U 89062  B 92085.17914416 -.00000016 +00000-0 +16866-3 0  9998
2 20169 006.6962 111.6007 7192044 188.3211 145.4139 02.25481170021668
1 20169U 89062  B 92086.06305797  .00000106 +00000-0 +11562-2 0  9999
2 20169 006.6915 111.3668 7190507 188.8956 142.8730 02.25477621021685
1 20169U 89062  B 92090.04062781  .00000113 +00000-0 +28662-3 0  9993
2 20169 006.6948 109.7493 7190530 191.9945 131.5065 02.25476004021777
1 20169U 89062  B 92094.01807461  .00000168 +00000-0 +75693-3 0  9992
2 20169 006.7028 108.1939 7188589 194.9808 120.1337 02.25480189021862
1 20169U 89062  B 92100.20734614  .00000180 +00000-0 +88398-3 0  9990
2 20169 006.7269 105.9185 7187307 199.5496 104.1302 02.25481888022006
1 20169U 89062  B 92101.53425735  .00000136 +00000-0 +51430-3 0  9996
2 20169 006.7361 105.4831 7186587 200.4633 101.2224 02.25481563022030
1 20169U 89062  B 92111.00000000  .00000076 +00000-0 +00000-0 0  9990
2 20169 006.7684 101.9841 7185261 207.4624 224.8971 02.25484033022031
1 20169U 89062  B 92113.03589834  .00000010 +00000-0 +45941-3 0  9996
2 20169 006.7685 101.2671 7186344 208.9232 077.5088 02.25482277022085
1 20169U 89062  B 92113.92107310  .00000134 +00000-0 +50422-3 0  9996
2 20169 006.7735 100.9744 7186372 209.5446 076.0357 02.25482485022100
1 20169U 89062  B 92114.36371175  .00000133 +00000-0 +49998-3 0  9992
2 20169 006.7748 100.8110 7186434 209.8728 075.3412 02.25482521022111
1 20169U 89062  B 92116.57656751  .00000153 +00000-0 +66457-3 0  9994
2 20169 006.7812 099.9906 7186725 211.5175 071.5966 02.25483225022162
1 20169U 89062  B 92117.46174542  .00000155 +00000-0 +68382-3 0  9997
2 20169 006.7832 099.6615 7186612 212.1760 070.1255 02.25483417022181
1 20169U 89062  B 92121.88816001  .00000219 +00000-0 +12660-2 0  9999
2 20169 006.7891 097.9569 7185679 215.5271 063.2317 02.25486463022288
1 20169U 89062  B 92125.87195082 -.00000371 +00000-0 -39949-2 0  9991
2 20169 006.8074 096.1701 7185105 218.7672 057.0465 02.25482810022372
1 20169U 89062  B 92125.87227058  .00000089 +00000-0 +12104-3 0  9999
2 20169 006.8220 096.3411 7185009 218.6282 057.3149 02.25485652022373
1 20169U 89062  B 92125.87239483  .00000307 +00000-0 +31299-2 0  9992
2 20169 006.8265 096.3739 7185293 218.5902 057.4115 02.25486471022372
1 20169U 89062  B 92125.87254056  .00000080 +00000-0 +11173-2 0  9992
2 20169 006.7968 096.4581 7185211 218.5065 057.5292 02.25487009022372
1 20169U 89062  B 92130.30057599  .00000328 +00000-0 +22787-2 0  9997
2 20169 006.8147 094.5111 7184757 222.0658 051.9543 02.25486981022478
1 20169U 89062  B 92133.40046687  .00000049 +00000-0 -23201-3 0  9991
2 20169 006.8239 093.6499 7184870 224.1041 048.2600 02.25484896022548
1 20169U 89062  B 92134.28676248  .00000089 +00000-0 +12461-3 0  9999
2 20169 006.8255 093.3168 7184857 224.7672 047.7021 02.25485235022568
1 20169U 89062  B 92157.76743241  .00000216 +00000-0 +12972-2 0  9993
2 20169 006.8325 084.7775 7183951 241.9368 028.3063 02.25492463023092
1 20169U 89062  B 92157.76907122  .00000081 +00000-0 +63815-4 0  9997
2 20169 006.8415 084.9021 7183926 241.8157 029.6334 02.25489701023091
1 20169U 89062  B 92160.87148990  .00000073 +00000-0 -47780-5 0  9999
2 20169 006.8442 083.7408 7183796 244.1299 028.0373 02.25489633023163
1 20169U 89062  B 92163.97386298  .00000074 +00000-0 +55608-5 0  9996
2 20169 006.8712 082.6710 7184941 246.3579 026.4194 02.25490039023238
1 20169U 89062  B 92164.86021285  .00000097 +00000-0 +21239-3 0  9993
2 20169 006.8570 082.2047 7184762 247.1464 025.9249 02.25490195023252
1 20169U 89062  B 92164.86031614  .00000087 +00000-0 +12333-3 0  9994
2 20169 006.8570 082.2046 7184762 247.1465 026.0086 02.25490120023251
1 20169U 89062  B 92171.50865897  .00000204 +00000-0 +11661-2 0  9994
2 20169 006.8709 079.6056 7184954 252.1501 022.8992 02.25492278023409
1 20169U 89062  B 92173.28178442  .00000276 +00000-0 +18119-2 0  9998
2 20169 006.8731 078.9460 7184887 253.4742 022.2651 02.25493542023446
1 20169U 89062  B 92174.16831231  .00000297 +00000-0 +20050-2 0  9998
2 20169 006.8741 078.6133 7184866 254.1379 021.9240 02.25494179023461
1 20169U 89062  B 92175.94137593  .00000273 +00000-0 +17982-2 0  9999
2 20169 006.8480 078.1473 7184746 255.2434 021.2339 02.25493702023502
1 20169U 89062  B 92176.82807165  .00000338 +00000-0 +23873-2 0  9994
2 20169 006.8326 077.8899 7184440 255.8190 021.0250 02.25494310023523
1 20169U 89062  B 92178.15810086  .00000641 +00000-0 +50304-2 0  9994
2 20169 006.8461 077.2988 7185484 256.9337 020.6993 02.25494605023559
1 20169U 89062  B 92181.70401780  .00000014 +00000-0 +56871-3 0  9996
2 20169 006.8385 075.7903 7185355 259.7278 019.1811 02.25493956023635
1 20169U 89062  B 92181.70402886  .00000147 +00000-0 +65179-3 0  9992
2 20169 006.8401 076.0010 7185687 259.5352 019.1861 02.25494116023630
1 20169U 89062  B 92185.25064784  .00000134 +00000-0 +53835-3 0  9999
2 20169 006.8391 074.6633 7185659 262.1740 018.2419 02.25494363023715
1 20169U 89062  B 92188.79710816  .00000114 +00000-0 +35854-3 0  9994
2 20169 006.8430 073.3788 7185547 264.7769 017.1528 02.25494319023799
1 20169U 89062  B 92189.68374137  .00000114 +00000-0 +35940-3 0  9991
2 20169 006.8436 073.0419 7185555 265.4437 016.8968 02.25494393023811
1 20169U 89062  B 92190.12705804  .00000116 +00000-0 +37805-3 0  9995
2 20169 006.8443 072.8708 7185592 265.7800 016.7694 02.25494483023821
1 20169U 89062  B 92192.78684856  .00000473 +00000-0 +33516-2 0  9992
2 20169 006.8775 071.7601 7188390 267.9216 015.9467 02.25498908023884
1 20169U 89062  B 92194.11678751  .00000392 +00000-0 +26735-2 0  9993
2 20169 006.8792 071.2638 7188370 268.9029 015.5679 02.25498856023916
1 20169U 89062  B 92195.89010204 -.00000190 +00000-0 +11860-2 0  9992
2 20169 006.8610 070.6007 7187644 270.2286 015.1161 02.25496472023950
1 20169U 89062  B 92195.89010205 -.00000066 +00000-0 -11860-2 0  9996
2 20169 006.8610 070.6006 7187644 270.2285 015.1161 02.25496473023959
1 20169U 89062  B 92198.10678120  .00000247 +00000-0 +14576-2 0  9995
2 20169 006.8617 069.8142 7188421 271.8216 014.6010 02.25499457024001
1 20169U 89062  B 92198.10682133  .00000252 +00000-0 +14891-2 0  9990
2 20169 006.8725 069.7916 7188706 271.8531 014.6324 02.25499482024001
1 20169U 89062  B 92200.76684583  .00000266 +00000-0 +16020-2 0  9998
2 20169 006.8732 068.7776 7188728 273.8584 014.0205 02.25500553024066
1 20169U 89062  B 92201.21017730  .00000135 +00000-0 +15525-2 0  9997
2 20169 006.8615 068.6353 7188454 274.1564 013.9153 02.25500632024073
1 20169U 89062  B 92201.65353322  .00000262 +00000-0 +15757-2 0  9993
2 20169 006.8653 068.4594 7188599 274.5014 013.8291 02.25500827024083
1 20169U 89062  B 92202.09687472  .00000263 +00000-0 +15845-2 0  9997
2 20169 006.8667 068.2876 7188654 274.8397 013.7312 02.25501008024094
1 20169U 89062  B 92203.87024273  .00000051 +00000-0 +84614-3 0  9994
2 20169 006.8610 067.6331 7188771 276.1530 013.3330 02.25500306024136
1 20169U 89062  B 92203.87023857  .00000224 +00000-0 +12372-2 0  9994
2 20169 006.8811 067.3507 7189700 276.3520 013.3454 02.25500979024138
1 20169U 89062  B 92206.08691177  .00000088 +00000-0 +11366-2 0  9996
2 20169 006.8708 066.5842 7189266 277.9716 012.8274 02.25501359024189
1 20169U 89062  B 92206.08691241  .00000211 +00000-0 +11366-2 0  9996
2 20169 006.8708 066.5842 7189266 277.9715 012.8274 02.25501360024180
1 20169U 89062  B 92207.86028337  .00000050 +00000-0 -18324-3 0  9997
2 20169 006.8713 066.1210 7189739 279.1691 012.4165 02.25499744024225
1 20169U 89062  B 92210.07711080 -.00000069 +00000-0 +15500-3 0  9991
2 20169 006.8740 065.2816 7190190 280.8375 012.0181 02.25499664024278
1 20169U 89062  B 92210.07710971  .00000049 +00000-0 -19495-3 0  9994
2 20169 006.8735 065.2665 7189920 280.8450 012.0180 02.25499624024272
1 20169U 89062  B 92214.95411019  .00000004 +00000-0 -55316-3 0  9999
2 20169 006.8766 063.4768 7190649 284.4793 011.1081 02.25498592024385
1 20169U 89062  B 92217.17099761 -.00000023 +00000-0 -77624-3 0  9990
2 20169 006.8785 062.5527 7190479 286.2175 010.7446 02.25497765024431
1 20169U 89062  B 92218.05773008  .00000968 +00000-0 +67753-2 0  9998
2 20169 006.8773 062.2087 7193587 286.8664 010.6191 02.25504965024457
1 20169U 89062  B 92222.04795816  .00000155 +00000-0 +63216-3 0  9992
2 20169 006.8644 060.6818 7192807 289.9215 009.8611 02.25501614024543
1 20169U 89062  B 92222.04796359  .00000272 +00000-0 +25055-2 0  9993
2 20169 006.8573 060.6580 7192261 289.9514 009.8751 02.25503691024548
1 20169U 89062  B 92224.70813556  .00000383 +00000-0 +24058-2 0  9992
2 20169 006.8617 059.6359 7192395 291.9663 009.4250 02.25505233024606
1 20169U 89062  B 92225.59487655  .00000375 +00000-0 +23393-2 0  9999
2 20169 006.8623 059.2900 7192450 292.6432 009.2898 02.25505652024628
1 20169U 89062  B 92226.03826057  .00000088 +00000-0 +11597-3 0  9997
2 20169 006.8841 059.2275 7192571 292.8808 009.2314 02.25503927024635
1 20169U 89062  B 92228.69854380  .00000093 +00000-0 +15466-3 0  9996
2 20169 006.8887 058.1948 7192724 294.9068 008.8681 02.25504068024696
1 20169U 89062  B 92230.47205716  .00000112 +00000-0 +30373-3 0  9994
2 20169 006.8948 057.4928 7192864 296.2706 008.6214 02.25504449024731
1 20169U 89062  B 92230.91543314  .00000082 +00000-0 +68441-4 0  9996
2 20169 006.9007 057.3324 7193080 296.6026 008.5518 02.25503936024744
1 20169U 89062  B 92233.57571860  .00000080 +00000-0 +56920-4 0  9995
2 20169 006.9037 056.2999 7193194 298.6278 008.1899 02.25503961024803
1 20169U 89062  B 92234.01909237 -.00000056 +00000-0 -98151-3 0  9994
2 20169 006.8925 056.1081 7193705 298.9684 008.1172 02.25502927024817
1 20169U 89062  B 92236.67936600 -.00000057 +00000-0 -98499-3 0  9998
2 20169 006.8960 055.0783 7193869 300.9926 007.7326 02.25502230024876
1 20169U 89062  B 92238.45289031  .00000040 +00000-0 -24439-3 0  9999
2 20169 006.8974 054.4040 7195212 302.3614 007.4817 02.25502872024913
1 20169U 89062  B 92238.89625829  .00000104 +00000-0 +22494-3 0  9995
2 20169 006.8966 054.2146 7195117 302.7132 007.4165 02.25503629024920
1 20169U 89062  B 92240.66979092  .00000090 +00000-0 +12354-3 0  9995
2 20169 006.8948 053.5220 7195319 304.0674 007.1827 02.25503626024968
1 20169U 89062  B 92242.44335536  .00000075 +00000-0 +12587-4 0  9994
2 20169 006.8969 052.8304 7195595 305.4280 006.9680 02.25503384025001
1 20169U 89062  B 92242.88674844 -.00000086 +00000-0 -11372-2 0  9993
2 20169 006.8812 052.5640 7196647 305.8632 006.8938 02.25501207025010
1 20169U 89062  B 92245.54714580 -.00000091 +00000-0 -11619-2 0  9991
2 20169 006.8863 051.6560 7197133 307.7515 006.6066 02.25500451025075
1 20169U 89062  B 92246.43393229  .00000047 +00000-0 -19120-3 0  9999
2 20169 006.8841 051.1668 7195433 308.5516 006.5014 02.25502433025092
1 20169U 89062  B 92246.43394326  .00000087 +00000-0 +00000-4 0  9999
2 20169 006.8863 051.2838 7197128 308.4596 006.5057 02.25500610025098
1 20169U 89062  B 92248.65087294  .00000048 +00000-0 -18283-3 0  9997
2 20169 006.8890 050.3123 7195726 310.2401 006.2167 02.25502359025140
1 20169U 89062  B 92250.42443107  .00000048 +00000-0 -17717-3 0  9995
2 20169 006.8921 049.6241 7195907 311.5938 005.9945 02.25502304025181
1 20169U 89062  B 92254.41495022  .00000321 +00000-0 +17033-2 0  9994
2 20169 006.8862 048.3243 7198404 314.4260 005.5695 02.25507389025274
1 20169U 89062  B 92257.51869948 -.00000415 +00000-0 +25018-2 0  9997
2 20169 006.8941 047.2092 7198708 316.7157 005.1901 02.25502028025348
1 20169U 89062  B 92257.51878965 -.00000188 +00000-0 -18016-2 0  9994
2 20169 006.8952 047.1757 7198515 316.7512 005.2646 02.25502825025340
1 20169U 89062  B 92258.40555851  .00000201 +00000-0 +89164-3 0  9996
2 20169 006.9007 046.7152 7197757 317.5471 005.1596 02.25505938025369
1 20169U 89062  B 92262.39615924 -.00000031 +00000-0 -72290-3 0  9992
2 20169 006.9179 045.2135 7198238 320.5547 004.7582 02.25504503025454
1 20169U 89062  B 92264.61312907  .00000030 +00000-0 -29723-3 0  9995
2 20169 006.9293 044.1763 7198472 322.3982 004.5251 02.25504486025506
1 20169U 89062  B 92265.49987181 -.00000199 +00000-0 +10577-2 0  9996
2 20169 006.9532 043.9214 7197467 322.9616 004.3721 02.25503476025523
1 20169U 89062  B 92265.49987053 -.00000077 +00000-0 -10577-2 0  9990
2 20169 006.9532 043.9213 7197467 322.9615 004.3721 02.25503477025522
1 20169U 89062  B 92268.60372936  .00000465 +00000-0 +35887-2 0  9994
2 20169 006.9094 042.5976 7197530 325.4397 004.1272 02.25508286025591
1 20169U 89062  B 92268.60372810  .00000499 +00000-0 +29395-2 0  9999
2 20169 006.9276 042.6895 7198219 325.3499 004.1182 02.25507132025590
1 20169U 89062  B 92269.49049686  .00000140 +00000-0 +45558-3 0  9992
2 20169 006.9385 042.2822 7199004 326.1005 003.9897 02.25504179025613
1 20169U 89062  B 92269.49049813  .00000019 +00000-0 +45558-3 0  9999
2 20169 006.9385 042.2822 7199004 326.1006 003.9897 02.25504178025613
1 20169U 89062  B 92270.82072742 -.00000158 +00000-0 -16255-2 0  9992
2 20169 006.9130 041.4864 7197460 327.4016 003.8747 02.25502207025644
1 20169U 89062  B 92272.59440856  .00000028 +00000-0 +53323-3 0  9995
2 20169 006.9535 041.1637 7197455 328.4567 003.7499 02.25504303025680
1 20169U 89062  B 92282.34951435  .00000532 +00000-0 +31178-2 0  9992
2 20169 006.9680 037.4037 7198866 335.8927 003.0878 02.25511840025905
1 20169U 89062  B 92284.56617911 -.00000280 +00000-0 +16177-2 0  9999
2 20169 006.9782 036.5238 7197752 337.6106 002.6183 02.25508338025950
1 20169U 89062  B 92284.56618038 -.00000161 +00000-0 -16401-2 0  9999
2 20169 006.9785 036.5221 7197731 337.6128 002.6185 02.25508381025956
1 20169U 89062  B 92285.45298841  .00000122 +00000-0 +11799-2 0  9994
2 20169 006.9776 036.3227 7197686 338.1662 002.5579 02.25510536025971
1 20169U 89062  B 92285.45299332  .00000261 +00000-0 +13063-2 0  9990
2 20169 006.9774 036.3236 7197698 338.1649 002.5608 02.25510582025971
1 20169U 89062  B 92286.33979600  .00000390 +00000-0 +22071-2 0  9993
2 20169 006.9790 035.9562 7197695 338.8630 002.5000 02.25511615025996
1 20169U 89062  B 92288.55677256  .00000284 +00000-0 +14688-2 0  9998
2 20169 006.9890 035.0800 7197728 340.5671 002.3179 02.25512128026047
1 20169U 89062  B 92289.44357023 -.00000031 +00000-0 +11666-3 0  9999
2 20169 006.9923 034.7435 7197749 341.2375 002.2376 02.25510396026061
1 20169U 89062  B 92289.44357165  .00000115 +00000-0 +28723-3 0  9990
2 20169 006.9920 034.7444 7197759 341.2362 002.2395 02.25510650026069
1 20169U 89062  B 92290.33035800  .00000525 +00000-0 +31176-2 0  9999
2 20169 006.9800 034.4900 7198101 341.8276 002.1901 02.25515550026080
1 20169U 89062  B 92294.32080856  .00000187 +00000-0 +77881-3 0  9991
2 20169 006.9830 032.9233 7198313 344.8917 001.7747 02.25513780026171
1 20169U 89062  B 92295.65096887  .00000214 +00000-0 +96258-3 0  9999
2 20169 006.9850 032.4301 7198422 345.8832 001.6586 02.25514420026208
1 20169U 89062  B 92296.53774536  .00000136 +00000-0 +42513-3 0  9999
2 20169 006.9886 032.0722 7198631 346.5638 001.5824 02.25513727026229
1 20169U 89062  B 92297.42453321  .00000018 +00000-0 +44363-3 0  9998
2 20169 006.9913 031.7334 7198676 347.2344 001.5149 02.25513874026241
1 20169U 89062  B 92297.42453448  .00000196 +00000-0 +83924-3 0  9991
2 20169 006.9822 031.7277 7198551 347.2488 001.5180 02.25514715026247
1 20169U 89062  B 92298.31131527  .00000161 +00000-0 +59882-3 0  9999
2 20169 006.9831 031.3888 7198685 347.9171 001.4439 02.25514387026268
1 20169U 89062  B 92299.64150235 -.00000047 +00000-0 +36814-5 0  9999
2 20169 007.0224 030.7793 7198996 349.0306 001.3215 02.25513033026293
1 20169U 89062  B 92299.64155697  .00000007 +00000-0 -45515-3 0  9998
2 20169 007.0253 031.1210 7198949 348.6621 001.3771 02.25513080026296
1 20169U 89062  B 92301.41514941 -.00000117 +00000-0 -13087-2 0  9999
2 20169 007.0340 030.0226 7198573 350.4571 001.2333 02.25511776026334
1 20169U 89062  B 92302.30189649 -.00000065 +00000-0 -95236-3 0  9990
2 20169 007.0362 029.6927 7198720 351.1172 001.1272 02.25511908026359
1 20169U 89062  B 92303.63207177  .00000231 +00000-0 +10654-2 0  9997
2 20169 007.0576 029.2761 7199119 352.0249 001.0510 02.25515463026383
1 20169U 89062  B 92304.51880014  .00000233 +00000-0 +10744-2 0  9994
2 20169 007.0598 028.9389 7199172 352.6936 000.9409 02.25515757026401
1 20169U 89062  B 92305.40556288  .00000231 +00000-0 +18617-2 0  9991
2 20169 007.0517 028.6539 7199575 353.3028 000.8660 02.25517407026427
1 20169U 89062  B 92305.40556289  .00000352 +00000-0 +18647-2 0  9999
2 20169 007.0517 028.6534 7199576 353.3033 000.8660 02.25517412026425
1 20169U 89062  B 92306.29232061  .00000394 +00000-0 +21403-2 0  9996
2 20169 007.0471 028.2803 7199755 354.0201 000.7854 02.25518455026447
1 20169U 89062  B 92307.62244016  .00000110 +00000-0 +10526-2 0  9997
2 20169 007.0650 028.1274 7199498 354.6423 000.6322 02.25516751026472
1 20169U 89062  B 92308.50928895  .00000076 +00000-0 +15986-4 0  9997
2 20169 007.0430 027.4353 7197708 355.7246 000.6080 02.25515687026495
1 20169U 89062  B 92310.28279503  .00000177 +00000-0 +72497-3 0  9991
2 20169 007.0486 026.7831 7197236 357.0596 000.4393 02.25517053026537
1 20169U 89062  B 92310.28280175  .00000033 +00000-0 +55353-3 0  9991
2 20169 007.0463 026.8381 7197837 356.9919 000.4430 02.25516712026530
1 20169U 89062  B 92313.38651336  .00000021 +00000-0 +47030-3 0  9996
2 20169 007.0564 025.6163 7197425 359.3866 000.2057 02.25517176026604
1 20169U 89062  B 92313.82990529  .00000132 +00000-0 +40966-3 0  9999
2 20169 007.0543 025.4269 7197202 359.7530 000.1730 02.25517129026617
1 20169U 89062  B 92314.27329243  .00000141 +00000-0 +47371-3 0  9995
2 20169 007.0523 025.2706 7197342 000.7900 000.1394 02.25517306026622
1 20169U 89062  B 92315.60346781 -.00000050 +00000-0 +26747-4 0  9994
2 20169 007.0570 024.7666 7197202 001.0760 000.0452 02.25517282026656
1 20169U 89062  B 92316.49024331 -.00000009 +00000-0 -59079-3 0  9994
2 20169 007.0569 024.3765 7197139 001.7993 359.9752 02.25516527026676
1 20169U 89062  B 92317.37701443  .00000057 +00000-0 -11507-3 0  9994
2 20169 007.0624 024.0565 7197119 002.4486 359.9085 02.25517151026691
1 20169U 89062  B 92319.59390711  .00000228 +00000-0 +10883-2 0  9996
2 20169 007.0676 023.3244 7196924 004.0148 359.7349 02.25519984026743
1 20169U 89062  B 92320.48062251  .00000117 +00000-0 +11581-2 0  9994
2 20169 007.0747 022.9424 7196674 004.7234 359.6307 02.25520345026760
1 20169U 89062  B 92320.48062124  .00000236 +00000-0 +11551-2 0  9992
2 20169 007.0746 022.9435 7196680 004.7222 359.6306 02.25520342026761
1 20169U 89062  B 92321.36734951  .00000236 +00000-0 +11496-2 0  9992
2 20169 007.0769 022.6115 7196730 005.3853 359.5359 02.25520622026781
1 20169U 89062  B 92322.25414333  .00000054 +00000-0 +69960-3 0  9998
2 20169 007.0712 022.5256 7197619 005.8139 359.4773 02.25520261026804
1 20169U 89062  B 92322.25414334  .00000174 +00000-0 +69960-3 0  9992
2 20169 007.0712 022.5255 7197619 005.8139 359.4773 02.25520262026804
1 20169U 89062  B 92323.58426543  .00000046 +00000-0 -19847-3 0  9992
2 20169 007.0671 021.7996 7196341 007.0640 359.3529 02.25519585026830
1 20169U 89062  B 92324.47099709 -.00000073 +00000-0 +19160-3 0  9999
2 20169 007.0695 021.4702 7196404 007.7241 359.2571 02.25519545026856
1 20169U 89062  B 92325.35776222 -.00000038 +00000-0 +53810-4 0  9991
2 20169 007.0741 021.2075 7196821 008.3103 359.1929 02.25519895026872
1 20169U 89062  B 92325.35776096  .00000081 +00000-0 +53810-4 0  9997
2 20169 007.0741 021.2074 7196821 008.3103 359.1929 02.25519895026871
1 20169U 89062  B 92326.24453540  .00000052 +00000-0 -15886-3 0  9991
2 20169 007.0749 020.8222 7196581 009.0318 359.1300 02.25519510026897
1 20169U 89062  B 92327.57469023 -.00000171 +00000-0 +88768-3 0  9992
2 20169 007.0839 020.3975 7196783 009.9365 359.0161 02.25518230026928
1 20169U 89062  B 92327.57472311  .00000243 +00000-0 +12000-2 0  9990
2 20169 007.0853 020.3704 7196660 009.9623 359.0422 02.25518241026927
1 20169U 89062  B 92328.46149240  .00000132 +00000-0 +12772-2 0  9994
2 20169 007.0890 019.9629 7196258 010.7051 358.9758 02.25518594026949
1 20169U 89062  B 92329.34824639  .00000252 +00000-0 +12770-2 0  9995
2 20169 007.0914 019.6320 7196301 011.3667 358.8976 02.25518911026966
1 20169U 89062  B 92331.56514797  .00000145 +00000-0 +13521-2 0  9999
2 20169 007.0994 018.8584 7196852 012.9540 358.7191 02.25519875027010
1 20169U 89062  B 92331.56514925  .00000265 +00000-0 +13516-2 0  9999
2 20169 007.0994 018.8586 7196854 012.9537 358.7191 02.25519875027010
1 20169U 89062  B 92332.45189242  .00000270 +00000-0 +14156-2 0  9995
2 20169 007.1109 018.4001 7195854 013.7908 358.6298 02.25520643027031
1 20169U 89062  B 92333.78198228  .00000191 +00000-0 +83665-3 0  9990
2 20169 007.1155 017.9016 7196383 014.7820 358.4816 02.25520338027062
1 20169U 89062  B 92333.78199146  .00000044 +00000-0 -21705-3 0  9995
2 20169 007.1150 017.9142 7195785 014.7771 358.4826 02.25519266027066
1 20169U 89062  B 92335.55549217  .00000166 +00000-0 +65840-3 0  9992
2 20169 007.1205 017.2442 7196283 016.1025 358.3305 02.25520528027104
1 20169U 89062  B 92336.44222264 -.00000064 +00000-0 -99452-3 0  9996
2 20169 007.1192 016.9267 7196238 016.7480 358.2253 02.25518190027126
1 20169U 89062  B 92338.21575657 -.00000063 +00000-0 -98370-3 0  9997
2 20169 007.1237 016.2691 7196325 018.0673 358.0850 02.25517717027165
1 20169U 89062  B 92340.87596469 -.00000097 +00000-0 +38410-3 0  9991
2 20169 007.1331 015.2960 7194495 020.0470 357.8560 02.25520185027227
1 20169U 89062  B 92341.76275212 -.00000009 +00000-0 -62191-3 0  9997
2 20169 007.1353 014.9655 7194659 020.7055 357.8062 02.25519694027248
1 20169U 89062  B 92342.20613761 -.00000007 +00000-0 -60570-3 0  9999
2 20169 007.1365 014.8015 7194693 021.0345 357.7743 02.25519655027257
1 20169U 89062  B 92344.42304401  .00000075 +00000-0 +48225-5 0  9991
2 20169 007.1288 014.2633 7195959 022.3568 357.6192 02.25520830027308
1 20169U 89062  B 92345.75318755  .00000002 +00000-0 -51833-3 0  9993
2 20169 007.1276 013.7325 7195880 023.3896 357.5076 02.25519693027333
1 20169U 89062  B 92348.41340769 -.00000122 +00000-0 +55881-3 0  9999
2 20169 007.1398 012.6885 7195635 025.4177 357.2394 02.25519102027391
1 20169U 89062  B 92348.41340827 -.00000002 +00000-0 -55513-3 0  9994
2 20169 007.1399 012.6876 7195631 025.4186 357.2400 02.25519111027396
1 20169U 89062  B 92348.85677417 -.00000047 +00000-0 +14842-4 0  9999
2 20169 007.1452 012.3881 7194962 025.8874 357.2015 02.25520261027405
1 20169U 89062  B 92350.18683270  .00000072 +00000-0 -14746-4 0  9993
2 20169 007.1484 011.8989 7195023 026.8722 357.0301 02.25520257027439
1 20169U 89062  B 92351.51693803  .00000072 +00000-0 -15650-4 0  9999
2 20169 007.1515 011.4106 7195085 027.8563 356.8987 02.25520250027466
1 20169U 89062  B 92352.40368078  .00000072 +00000-0 -16188-4 0  9998
2 20169 007.1536 011.0852 7195126 028.5121 356.8152 02.25520245027487
1 20169U 89062  B 92353.73380728  .00000071 +00000-0 -23083-4 0  9992
2 20169 007.1581 010.5794 7195091 029.5125 356.7003 02.25520205027516
1 20169U 89062  B 92355.50731966 -.00000048 +00000-0 +24192-4 0  9999
2 20169 007.1621 009.9305 7195175 030.8225 356.5537 02.25520191027558
1 20169U 89062  B 92355.50731967  .00000071 +00000-0 -24192-4 0  9996
2 20169 007.1621 009.9304 7195175 030.8225 356.5537 02.25520192027558
1 20169U 89062  B 92356.83744898  .00000070 +00000-0 -32633-4 0  9998
2 20169 007.1660 009.4420 7195238 031.8051 356.4413 02.25520153027585
1 20169U 89062  B 92359.49767152  .00000077 +00000-0 +21509-4 0  9997
2 20169 007.1717 008.4586 7195329 033.7807 356.1895 02.25520371027641
1 20169U 89062  B 92360.82776205  .00000076 +00000-0 +15664-4 0  9999
2 20169 007.1745 007.9638 7195359 034.7712 356.0426 02.25520343027674
1 20169U 89062  B 92362.15784806  .00000081 +00000-0 +45937-4 0  9995
2 20169 007.1780 007.4742 7195350 035.7554 355.8992 02.25520499027701
1 20169U 89062  B 92363.48793110  .00000081 +00000-0 +45731-4 0  9992
2 20169 007.1809 006.9899 7195408 036.7354 355.7510 02.25520515027730
1 20169U 89062  B 92364.37465842  .00000087 +00000-0 +89352-4 0  9992
2 20169 007.1834 006.6618 7195363 037.3925 355.6612 02.25520767027758
1 20169U 89062  B 93001.47810150 -.00000046 +00000-0 -95247-3 0  9994
2 20169 007.2087 005.4483 7191648 039.7847 355.3172 02.25521970027820
1 20169U 89062  B 93002.36483761  .00000064 +00000-0 -79122-4 0  9991
2 20169 007.2089 005.1423 7191856 040.4141 355.2381 02.25522702027847
1 20169U 89062  B 93009.01526343 -.00000173 +00000-0 +98474-3 0  9995
2 20169 007.1905 002.8502 7192825 045.1597 354.5716 02.25521992027999
1 20169U 89062  B 93009.45862199 -.00000076 +00000-0 -11725-2 0  9991
2 20169 007.1913 002.6243 7192404 045.5502 354.5202 02.25521675028002
1 20169U 89062  B 93010.34531530 -.00000139 +00000-0 +72593-3 0  9993
2 20169 007.1848 002.3371 7192705 046.1564 354.4051 02.25522018028022
1 20169U 89062  B 93010.34532036 -.00000008 +00000-0 -64119-3 0  9996
2 20169 007.1833 002.3430 7192755 046.1487 354.4099 02.25522136028024
1 20169U 89062  B 93012.56206462  .00000231 +00000-0 +12000-2 0  9990
2 20169 007.1846 001.5412 7192645 047.7634 354.1276 02.25522117028076
1 20169U 89062  B 93013.44876464 -.00000155 +00000-0 +85723-3 0  9992
2 20169 007.1917 001.2183 7192338 048.4157 354.0155 02.25521399028092
1 20169U 89062  B 93014.33547750  .00000230 +00000-0 +12000-2 0  9994
2 20169 007.1935 000.8993 7192372 049.0641 353.9112 02.25521207028111
1 20169U 89062  B 93016.55228572 -.00000196 +00000-0 +11716-2 0  9993
2 20169 007.1871 000.0689 7192314 050.7316 353.6680 02.25520349028166
1 20169U 89062  B 93016.55228581 -.00000076 +00000-0 -11716-2 0  9991
2 20169 007.1871 000.6880 7192314 050.7316 353.6680 02.25520350028167
1 20169U 89062  B 93017.88238113 -.00000073 +00000-0 -11514-2 0  9993
2 20169 007.1902 359.5892 7192355 051.7053 353.5276 02.25519986028191
1 20169U 89062  B 93018.76910704 -.00000070 +00000-0 -11229-2 0  9994
2 20169 007.1950 359.2694 7192393 052.3524 353.4306 02.25519798028210
1 20169U 89062  B 93021.87255522  .00000082 +00000-0 +97517-3 0  9996
2 20169 007.2134 358.1519 7192496 054.6060 353.0515 02.25522241028285
1 20169U 89062  B 93024.08925829  .00000194 +00000-0 +92521-3 0  9990
2 20169 007.2186 357.3729 7192071 056.2091 352.7374 02.25522683028332
1 20169U 89062  B 93024.97594950  .00000157 +00000-0 +63643-3 0  9997
2 20169 007.2182 357.0469 7192368 056.8624 352.6197 02.25522542028351
1 20169U 89062  B 93025.41929181  .00000036 +00000-0 +62462-3 0  9999
2 20169 007.2211 356.9197 7192287 057.1497 352.5587 02.25522587028364
1 20169U 89062  B 93025.86264148  .00000153 +00000-0 +60562-3 0  9992
2 20169 007.2216 356.7602 7192321 057.4738 352.5028 02.25522622028379
1 20169U 89062  B 93026.74932636  .00000157 +00000-0 +63612-3 0  9997
2 20169 007.2231 356.4449 7192441 058.1137 352.3815 02.25522829028399
1 20169U 89062  B 93028.07935216  .00000148 +00000-0 +56357-3 0  9990
2 20169 007.2270 355.9319 7192402 059.1233 352.1944 02.25522856028422
1 20169U 89062  B 93028.96604603  .00000142 +00000-0 +52181-3 0  9996
2 20169 007.2274 355.6173 7192481 059.7677 352.0784 02.25522880028446
1 20169U 89062  B 93031.18279407  .00000134 +00000-0 +45336-3 0  9999
2 20169 007.2294 354.8202 7192901 061.3790 351.8011 02.25522978028497
