date theta terr rho rerr
1689.9 NA NA NA NA
1752.20 217.84 NA 20.51 NA
1761.50 NA NA 15.6 NA
1822. 209.6 NA 28.75 NA
1824. 214.4 NA 22.45 NA
1826.01 212.66 NA 22.45 NA
1830.01 214.54 NA 19.95 NA
1831.00 215.49 NA 22.56 NA
1832.16 215.88 NA 19.85 NA
1833.00 216.98 NA 18.67 NA
1834.41 217.84 NA 17.61 NA
1835.15 NA NA 17.17 NA
1835.22 218.66 NA NA NA
1836.28 219.39 NA NA NA
1836.61 NA NA 16.76 NA
1837.22 220.21 NA 16.39 NA
1838.10 220.45 NA 15.37 NA
1846.21 231.77 NA 10.96 NA
1846.79 233.82 NA 9.57 NA
1847.21 NA NA 9.45 NA
1847.24 234.93 NA NA NA
1847.96 237.23 NA 8.17 NA
1848.02 237.76 NA 7.97 NA
1848.07 NA NA 8.02 NA
1848.68 237.77 NA NA NA
1849.63 244.5 NA 6.23 NA
1849.91 244.95 NA NA NA
1849.94 NA NA 6.97 NA
1849.941 245.14 NA 6.99 NA
1849.941 245.16 NA 6.94 NA
1850.040 245.33 NA 7.04 NA
1850.040 245.56 NA 7.20 NA
1850.106 246.38 NA 7.01 NA
1850.17 245.36 NA 6.99 NA
1850.28 249.93 NA 5.88 NA
1850.37 247.17 NA 6.52 NA
1850.44 247.52 NA 6.68 NA
1850.47 243.65 NA 7.11 NA
1850.64 248.75 NA 6.20 NA
1850.87 NA NA 6.04 NA
1850.88 251.10 NA NA NA
1851.02 250.71 NA 5.88 NA
1851.18 252.81 NA NA NA
1851.20 251.79 NA 5.94 NA
1851.28 259.16 NA 7.6 NA
1851.70 256.04 NA 5.27 NA
1851.75 255.21 NA 5.82 NA
1851.90 257.86 NA 5.11 NA
1851.99 258.51 NA 5.08 NA
1852.25 260.74 NA 5.03 NA
1852.38 261.55 NA 4.94 NA
1852.40 260.63 NA 5.40 NA
1852.50 257.67 NA 6.5 NA
1852.53 263.83 NA 5.00 NA
1852.67 NA NA 5.15 NA
1852.68 264.55 NA 4.80 NA
1852.70 262.71 NA NA NA
1852.87 246.16 NA 4.52 NA
1852.99 246.71 NA 4.50 NA
1853.07 267.51 NA 4.53 NA
1853.23 268.49 NA 4.56 NA
1853.24 267.29 NA NA NA
1853.26 NA NA 4.27 NA
1853.43 269.97 NA 4.77 NA
1853.58 271.84 NA 4.57 NA
1853.59 269.78 NA NA NA
1853.78 273.17 NA NA NA
1853.94 274.91 NA 4.33 NA
1854.06 276.71 NA NA NA
1854.07 277.14 NA 4.08 NA
1854.254 279.06 NA 4.16 NA
1854.37 279.95 NA 4.60 NA
1854.38 280.87 NA NA NA
1854.39 281.4 NA 4.30 NA
1854.63 283.15 NA NA NA
1854.80 NA NA 4.15 NA
1854.81 284.48 NA NA NA
1855.05 288.74 NA NA NA
1855.23 289.54 NA 4.43 NA
1855.32 293.32 NA NA NA
1855.34 NA NA 4.07 NA
1855.48 NA NA 4.18 NA
1855.50 294.62 NA NA NA
1855.56 295.13 NA NA NA
1856.02 300.79 NA 3.95 NA
1856.04 302.30 NA 3.82 NA
1856.12 303.70 NA 3.87 NA
1856.14 303.22 NA 3.88 NA
1856.35 306.61 NA 3.89 NA
1856.90 314.64 NA 3.94 NA
1856.93 309.35 NA 4.06 NA
1856.94 312.09 NA 4.29 NA
1857.01 316.70 NA 4.13 NA
1857.05 316.84 NA 3.99 NA
1857.28 319.09 NA 4.05 NA
1857.39 320.35 NA 4.47 NA
1857.73 324.80 NA 4.09 NA
1857.82 326.31 NA 5.65 NA
1857.91 324.83 NA 4.56 NA
1858.13 329.02 NA 4.29 NA
1858.23 329.13 NA 5.09 NA
1859.22 338.74 NA 5.13 NA
1859.24 340.61 NA 4.85 NA
1859.38 339.75 NA 5.12 NA
1859.60 343.61 NA 5.08 NA
1860.00 347.72 NA 5.06 NA
1860.05 346.62 NA 6.61 NA
1860.11 345.00 NA 5.68 NA
1860.29 NA NA 5.48 NA
1860.35 348.81 NA NA NA
1860.58 348.42 NA 5.68 NA
1861.05 350.76 NA 6.08 NA
1861.09 353.40 NA 6.10 NA
1861.30 352.95 NA 6.21 NA
1861.58 354.03 NA 6.29 NA
1862.20 357.74 NA 6.79 NA
1862.56 1.01 NA 7.54 NA
1863.03 1.14 NA 7.20 NA
1863.75 5.2 NA 8.5 NA
1864.05 6.43 NA 8.49 NA
1864.11 5.45 NA 7.85 NA
1864.72 NA NA 8.1 NA
1864.87 8.47 NA 8.50 NA
1865.56 17.06 NA 9.95 NA
1865.56 17.3 NA 9.95 NA
1866.06 10.26 NA 9.25 NA
1867.59 15.27 NA 10.66 NA
1867.59 15.37 NA 10.28 NA
1868.18 NA NA 9.4 NA
1868.27 19.38 NA 12.39 NA
1868.38 13.33 NA 10.29 NA
1868.51 21.8 NA 11.02 NA
1869.13 17.75 NA 10.4 NA
1870.10 20.24 NA 10.24 NA
1870.61 21.59 NA 10.09 NA
1870.65 NA NA 10.2 NA
1870.65 24.7 NA 10.45 NA
1870.75 22.11 NA 10.46 NA
1871.05 22.81 NA 9.89 NA
1871.31 23.50 NA 9.84 NA
1871.47 23.80 NA 10.14 NA
1871.50 23.5 NA 9.9 NA
1871.51 24.2 NA 9.41 NA
1872.47 25.31 NA 9.74 NA
1872.54 19.5 NA 10.0 NA
1872.55 24.1 NA 10.36 NA
1873.16 NA NA 8.3 NA
1873.33 28.71 NA 9.50 NA
1874.15 30.5 NA 8.0 NA
1874.47 29.83 NA 7.97 NA
1874.85 33.99 NA NA NA
1875.02 34.03 NA 6.82 NA
1875.94 39.3 NA 6.68 NA
1875.94 22.9 NA 8.8 NA
1876.41 46.81 NA 4.40 NA
1876.62 51.1 NA 4.2 NA
1876.90 64.3 NA 4.94 NA
1876.94 51.2 NA 4.5 NA
1877.14 64.24 NA 3.30 NA
1877.25 69.1 NA 3.13 NA
1877.51 72.65 NA 2.45 NA
1877.56 77.68 NA 2.38 NA
1877.57 80.34 NA 2.13 NA
1877.60 81.35 NA 1.90 NA
1877.63 81.33 NA 1.94 NA
1877.82 96.97 NA 1.85 NA
1877.89 100.97 NA 1.62 NA
1878.14 123.42 NA 1.91 NA
1878.15 115.98 NA 1.77 NA
1878.38 138.95 NA 2.40 NA
1879.25 174.25 NA 3.41 NA
1879.47 173.41 NA 3.41 NA
1879.47 169.36 NA 3.45 NA
1880.18 183.76 NA 5.22 NA
1880.39 185.06 NA 5.56 NA
1880.45 184.84 NA 5.52 NA
1880.46 184.87 NA 5.55 NA
1880.77 188.56 NA 6.13 NA
1881.28 189.75 NA 5.07 NA
1881.48 191.88 NA 8.85 NA
1881.54 190.00 NA 7.52 NA
1881.65 193.02 NA 7.94 NA
1882.00 194.31 NA 8.23 NA
1882.22 194.48 NA 8.70 NA
1882.50 195.70 NA 9.12 NA
1883.43 197.1 NA 12.18 NA
1884.19 198.89 NA 11.96 NA
1884.43 199.39 NA 12.32 NA
1884.53 199.69 NA 12.93 NA
1885.56 200.70 NA 14.05 NA
1886.21 202.71 NA 14.12 NA
1886.47 202.40 NA 15.03 NA
1886.52 201.15 NA 15.07 NA
1886.58 201.76 NA 15.21 NA
1886.63 201.58 NA 15.13 NA
1887.39 202.21 NA 16.06 NA
1887.54 202.30 NA 15.83 NA
1887.60 202.26 NA 16.28 NA
1887.72 203.03 NA 16.18 NA
1888.30 203.32 NA 16.87 NA
1888.62 202.85 NA 17.12 NA
1889.45 204.36 NA 17.88 NA
1890.47 204.68 NA 18.66 NA
1890.60 204.99 NA 19.06 NA
1890.74 204.54 NA 19.69 NA
1891.21 206.25 NA 20.03 NA
1891.43 205.56 NA 19.15 NA
1891.44 206.34 NA 19.35 NA
1891.516 205.8 NA NA NA
1891.561 206.5 NA 19.10 NA
1891.57 205.24 NA 19.24 NA
1891.584 205.4 NA 19.40 NA
1891.615 205.0 NA 19.00 NA
1891.642 206.7 NA 19.85 NA
1891.660 NA NA 19.39 NA
1892.30 206.45 NA 19.52 NA
1892.40 205.41 NA NA NA
1892.41 NA NA 19.73 NA
1892.42 206.39 NA 20.08 NA
1892.52 205.62 NA 19.63 NA
1892.76 206.90 NA 19.96 NA
1892.77 205.85 NA 19.97 NA
1893.21 206.70 NA 20.22 NA
1893.44 206.69 NA 20.38 NA
1894.47 207.16 NA 20.58 NA
1894.78 NA NA 20.68 NA
1894.80 207.12 NA NA NA
1895.49 208.17 NA 21.12 NA
1895.54 NA NA 20.97 NA
1895.56 207.80 NA NA NA
1896.32 208.47 NA 21.48 NA
1896.52 208.28 NA 21.68 NA
1897.06 208.6 NA 23.32 NA
1897.08 208.2 NA 20.77 NA
1897.41 207.88 NA 22.40 NA
1899.32 209.72 NA 22.00 NA
1899.41 205.13 NA 18.58 NA
1900.07 210.28 NA 21.64 NA
1900.07 210.61 NA 21.65 NA
1900.14 209.60 NA 21.54 NA
1900.34 210.46 NA 22.02 NA
1900.54 210.46 NA 21.70 NA
1900.60 210.16 NA 21.73 NA
1901.07 NA NA 21.73 NA
1901.08 210.58 NA NA NA
1901.12 210.70 NA 21.71 NA
1901.73 210.67 NA 21.71 NA
1901.98 210.31 NA 21.60 NA
1902.11 211.1 NA NA NA
1902.23 211.28 NA 21.64 NA
1902.29 211.35 NA NA NA
1902.44 NA NA 21.78 NA
1903.21 211.24 NA 21.67 NA
1904.55 212.03 NA 21.40 NA
1905.48 212.14 NA 21.16 NA
1905.50 213.24 NA 20.55 NA
1906.41 212.27 NA 21.58 NA
1906.48 212.94 NA NA NA
1906.6 212.55 NA 21.4 NA
1906.69 213.27 NA 20.70 NA
1906.74 213.95 NA 20.89 NA
1906.85 213.80 NA 21.10 NA
1906.92 213.32 NA 20.81 NA
1907.41 213.85 NA 20.67 NA
1908.33 NA NA 20.04 NA
1908.6 214.66 NA 19.9 NA
1908.70 214.61 NA 20.93 NA
1909.6 214.77 NA 19.22 NA
1909.67 215.07 NA 19.93 NA
1910. NA NA NA NA
1910.62 215.27 NA 19.58 NA
1911.35 216.38 NA 19.12 NA
1911.58 216.18 NA 19.12 NA
1911.8 215.55 NA 19.20 NA
1912.3 216.78 NA 18.66 NA
1913.12 217.19 NA 18.55 NA
1913.42 217.49 NA 18.93 NA
1913.43 217.69 NA 18.26 NA
1913.45 218.39 NA 18.35 NA
1913.46 217.09 NA 18.41 NA
1913.97 217.39 NA 17.65 NA
1914.47 217.50 NA 18.09 NA
1914.50 218.20 NA 17.53 NA
1914.74 217.98 NA 16.59 NA
1914.97 218.30 NA 17.14 NA
1915.42 219.21 NA 17.66 NA
1915.45 218.91 NA 16.98 NA
1915.51 218.8 NA 17.07 NA
1915.53 218.41 NA 16.97 NA
1916.50 219.32 NA 16.40 NA
1916.50 219.62 NA 16.52 NA
1916.68 220.22 NA 16.70 NA
1917.45 221.1 NA 16.24 NA
1917.51 220.42 NA 15.77 NA
1917.52 220.02 NA 15.90 NA
1917.57 220.52 NA 15.89 NA
1918.39 221.63 NA 15.48 NA
1918.53 221.13 NA 15.48 NA
1919.38 220.14 NA 14.62 NA
1920.20 223.14 NA 14.27 NA
1920.25 223.54 NA 14.37 NA
1921.39 224.75 NA 13.31 NA
1922.54 226.76 NA 12.74 NA
1923.50 227.5 NA 11.94 NA
1923.50 227.86 NA 11.86 NA
1923.51 227.56 NA 12.20 NA
1924.36 228.76 NA 11.10 NA
1924.47 229.07 NA 11.10 NA
1924.50 229.37 NA 11.15 NA
1924.52 229.87 NA 11.06 NA
1925.33 250.68 NA 10.35 NA
1925.50 231.38 NA 10.29 NA
1925.50 231.18 NA 10.56 NA
1925.74 231.75 NA 10.19 NA
1926.08 231.66 NA 9.70 NA
1926.08 233.16 NA 9.85 NA
1926.210 232.32 NA 9.61 NA
1926.24 232.00 NA 9.80 NA
1926.32 233.08 NA 9.63 NA
1926.37 233.05 NA 9.544 NA
1926.40 232.60 NA 9.500 NA
1926.42 232.69 NA 9.68 NA
1926.50 232.58 NA 9.69 NA
1926.518 233.16 NA 9.38 NA
1926.53 233.60 NA 9.42 NA
1927.181 235.28 NA 8.94 NA
1927.22 235.49 NA 8.85 NA
1927.29 235.76 NA 8.86 NA
1927.35 235.32 NA 8.814 NA
1927.50 234.99 NA 8.69 NA
1927.50 236.12 NA 8.78 NA
1927.50 235.16 NA 8.91 NA
1927.51 236.24 NA 8.82 NA
1927.535 235.94 NA 8.61 NA
1928.176 237.99 NA 8.16 NA
1928.18 237.70 NA 8.188 NA
1928.52 240.05 NA 8.12 NA
1928.65 240.00 NA 7.84 NA
1928.65 240.20 NA 7.76 NA
1928.69 240.2 NA 7.82 NA
1928.69 239.7 NA 7.91 NA
1928.70 240.0 NA 7.57 NA
1929.27 241.0 NA 7.59 NA
1929.35 242.52 NA 7.290 NA
1929.47 243.18 NA 6.97 NA
1929.48 243.24 NA 7.07 NA
1929.56 243.68 NA 7.167 NA
1930.14 246.82 NA 6.81 NA
1930.14 246.9 NA 6.76 NA
1930.16 246.91 NA 6.43 NA
1930.26 246.0 NA 7.00 NA
1930.29 246.80 NA 6.606 NA
1930.38 247.34 NA 6.607 NA
1930.48 247.88 NA 6.49 NA
1930.48 247.8 NA 6.47 NA
1931.10 251.4 NA 6.04 NA
1931.13 252.42 NA 5.98 NA
1931.28 252.44 NA 5.921 NA
1931.39 252.63 NA 5.852 NA
1931.50 253.7 NA 5.79 NA
1932.27 258.01 NA 5.396 NA
1932.36 260.1 NA 5.23 NA
1932.43 260.58 NA 5.201 NA
1933.21 268.04 NA 4.80 NA
1933.31 268.06 NA 4.768 NA
1933.33 268.80 NA 4.723 NA
1933.43 269.4 NA 4.68 NA
1934.37 278.85 NA 4.393 NA
1934.43 281.74 NA 4.25 NA
1934.45 281.1 NA 4.31 NA
1934.58 282.59 NA 4.221 NA
1935.29 290.05 NA 3.98 NA
1935.33 290.45 NA 4.129 NA
1935.38 292.97 NA 4.048 NA
1935.45 293.6 NA 4.12 NA
1935.67 297.35 NA 3.88 NA
1936.14 303.85 NA 3.95 NA
1936.34 306.45 NA 4.05 NA
1936.36 304.28 NA 4.080 NA
1936.54 309.95 NA 4.06 NA
1936.55 308.86 NA 4.031 NA
1937.10 316.66 NA 4.06 NA
1937.35 319.31 NA 4.211 NA
1937.45 321.3 NA 4.51 NA
1937.50 321.4 NA 4.22 NA
1937.51 321.3 NA 4.32 NA
1937.52 321.41 NA 4.245 NA
1938.26 331.3 NA 4.60 NA
1938.37 330.75 NA 4.612 NA
1939.34 339.63 NA 5.032 NA
1939.50 342.9 NA 5.64 NA
1939.51 341.94 NA 5.164 NA
1939.51 343.6 NA 5.10 NA
1939.54 341.8 NA 5.25 NA
1939.55 341.9 NA 5.49 NA
1939.76 344.1 NA 5.74 NA
1940. NA NA NA NA
1940. NA NA NA NA
1940.19 347.3 NA 5.60 NA
1940.34 348.6 NA 5.82 NA
1940.37 349.0 NA 5.81 NA
1940.38 348.64 NA 5.663 NA
1941.26 353.8 NA 6.31 NA
1941.39 355.30 NA 6.295 NA
1941.51 355.8 NA 6.60 NA
1941.60 355.8 NA 6.95 NA
1942.12 358.1 NA 6.73 NA
1942.37 359.30 NA 6.956 NA
1942.40 0.7 NA 6.86 NA
1942.50 1.2 NA 7.27 NA
1943.17 2.0 NA 7.39 NA
1943.34 2.8 NA 7.87 NA
1943.36 3.51 NA 7.637 NA
1944.14 6.5 NA 8.04 NA
1944.36 6.85 NA 8.344 NA
1944.59 8.0 NA 8.74 NA
1945.13 9.9 NA 8.76 NA
1945.22 9.10 NA 8.849 NA
1945.57 9.7 NA 8.82 NA
1946.34 13.1 NA 9.31 NA
1946.37 10.8 NA 9.33 NA
1946.43 13.6 NA 9.77 NA
1946.70 13.2 NA 9.49 NA
1946.70 12.3 NA 9.38 NA
1947.03 13.9 NA 9.84 NA
1947.30 15.3 NA 10.02 NA
1947.36 15.3 NA 9.96 NA
1947.42 15.4 NA 9.87 NA
1949.49 19.2 NA 10.58 NA
1949.53 19.4 NA 10.70 NA
1950.36 21.40 NA 10.366 NA
1951. NA NA NA NA
1951. NA NA NA NA
1951.20 NA NA 6.08 NA
1951.42 23.73 NA 10.087 NA
1952.40 25.76 NA 9.546 NA
1952.44 25.4 NA 9.48 NA
1953.36 28.39 NA 8.663 NA
1953.52 28.70 NA 8.481 NA
1953.70 29.7 NA 8.24 NA
1954.18 31.06 NA 7.654 NA
1954.43 32.10 NA 7.291 NA
1954.94 34.8 NA 6.32 NA
1955.26 36.23 NA 5.952 NA
1955.39 37.02 NA 5.744 NA
1955.49 37.5 NA 5.74 NA
1955.51 37.9 NA 5.55 NA
1955.67 39.04 NA 5.277 NA
1956.25 44.92 NA 4.148 NA
1956.41 48.2 NA 3.85 NA
1956.43 47.51 NA 3.794 NA
1956.51 48.9 NA 3.73 NA
1956.59 50.21 NA 3.481 NA
1957.17 64.90 NA 2.492 NA
1957.27 68.39 NA 2.332 NA
1957.36 72.32 NA 2.198 NA
1957.43 75.76 NA 2.101 NA
1957.44 77.5 NA 2.03 NA
1958.74 158.1 NA 2.56 NA
1959.33 174.8 NA 3.68 NA
1959.43 176.0 NA 3.84 NA
1959.457 175.33 NA 3.681 NA
1959.46 176.7 NA 3.93 NA
1960.24 184.62 NA 5.46 NA
1960.34 186.3 NA 5.54 NA
1960.50 187.6 NA 5.94 NA
1960.50 187.5 NA 6.01 NA
1961.27 192.4 NA 7.29 NA
1963.31 196.6 NA 10.85 NA
1963.60 198.6 NA 10.85 NA
1964.57 199.9 NA 12.64 NA
1965.46 200.6 NA 13.88 NA
1965.48 200.8 NA 14.15 NA
1966.43 202.2 NA 15.09 NA
1966.46 201.7 NA 15.04 NA
1967.47 202.3 NA 16.02 NA
1968.38 203.4 NA 17.26 NA
1969.45 205.4 NA 17.68 NA
1970.512 202.6 NA 18.61 NA
1970.559 204.4 NA 18.53 NA
1975.12 207.4 NA 20.82 NA
1975.154 206.6 NA 20.93 NA
1976.206 208.1 NA 21.22 NA
1976.218 207.9 NA 21.05 NA
1976.309 207.4 NA 21.52 NA
1977.46 208.8 NA 21.54 NA
1980.287 210.04 NA 21.614 NA
1980.40 210.5 NA 21.71 NA
1982.49 210.6 NA 21.91 NA
1984.425 211.54 NA 21.385 NA
1985.603 212.08 NA 21.087 NA
1986.509 212.77 NA 20.784 NA
1987.289 213.21 NA 20.54 NA
1988.287 213.75 NA 20.18 NA
1989.536 214.68 NA 19.74 NA
1991.186 215.0 NA 18.77 NA
1991.25 215.4 NA 19.07 NA
1996.155 219.6 NA 16.4 NA
2000.74 223.8 NA 13.3 NA
2002.688 224.3 NA 12.5 NA
2007.367 235.7 NA 8.78 NA
2008.37 236.5 2.9 7.71 0.83
2008.381 239.2 NA 8.20 NA
2008.719 239.8 NA 7.78 NA
2009.18 243.6 2.4 7.79 0.55
2009.714 244.2 NA 7.02 NA
2010.279 246.6 NA 6.58 NA
2010.614 247.4 NA 6.65 NA
2012.013 254.5 NA 4.96 NA
2013.679 272.2 NA 4.84 NA
2013.71 262.7 NA 5.05 NA
2014.000 NA NA NA NA
2014.241 279.2 NA 4.33 NA
2015.5 214.906 NA 19.315 NA
2016.347 307.21 NA 3.999 NA
2016.347 307.39 NA 3.994 NA
2016.648 311.6 NA 4.18 NA
2016.665 312.3 NA 4.19 NA
2016.680 312.7 NA 4.13 NA
2016.697 312.9 NA 4.11 NA
2017.658 323.98 0.054 4.341 0.004
2017.658 324.03 0.128 4.33 0.013
2017.742 324.34 2.11 4.243 0.153
2017.799 325.1 NA 4.388 NA
