BJDtcb1 BJDtcb2 BJDtdb1 BJDtdb2 RvTot ZB
2450000 -0.00239795097704447 2450000 -0.00250424757486598 -5313.09660169895 1.77225826064609e-05
2450010 -0.00284807236508616 2450010 -0.00295452400790522 -8363.45683272329 2.78974891113615e-05
2450020 -0.00318934341624584 2450020 -0.00329595010575019 -11820.8132827056 3.94299888715199e-05
2450030 -0.00341035898832372 2450030 -0.00351712072637796 -15532.6318676336 5.18112829497319e-05
2450040 -0.00350417856928546 2450040 -0.00361109535786177 -19412.396629571 6.47527851737051e-05
2450050 -0.00346634174785902 2450050 -0.00357341358899878 -23360.8099316498 7.79232742794678e-05
2450060 -0.00329749820306441 2450060 -0.00340472509879889 -27199.8809599583 9.07290368190594e-05
2450070 -0.00300260453957505 2450070 -0.00310998649185868 -30852.1142703957 0.000102911575815545
2450080 -0.00258961729606285 2450080 -0.0026971543067267 -34187.6624336636 0.000114037766866248
2450090 -0.00206020877860439 2450090 -0.0021679008494536 -37064.9656049822 0.000123635417155765
2450100 -0.00145346595795427 2450100 -0.00156131309018792 -39441.7797086061 0.00013156361561506
2450110 -0.000776190649845878 2450110 -0.000884192844557591 -41203.7981173026 0.000137441076377254
2450120 -5.02952948247451e-05 2450120 -0.000158452552768381 -42298.2485490754 0.000141091770057389
2450130 0.000702198021706153 2450130 0.000593885700118187 -42734.2542332972 0.000142546128472976
2450140 0.00145823488520874 2450140 0.0013497674999215 -42451.7094777342 0.000141603660615552
2450150 0.00219417171404824 2450150 0.00208554926537338 -41500.7819550309 0.000138431707828457
2450160 0.00288869963383696 2450160 0.00277992212241654 -39933.5105178153 0.00013320385303961
2450170 0.00352100899448896 2450170 0.00341207642128769 -37758.974931275 0.000125950383085605
2450180 0.00407259736072191 2450180 0.00396350972699137 -35102.5719521789 0.000117089576523566
2450190 0.00452864340833963 2450190 0.00441940071556124 -32032.6739457969 0.000106849499015071
2450200 0.00487595379363684 2450200 0.00476655604349656 -28620.5776373081 9.54679708363715e-05
2450210 0.00510555543657326 2450210 0.00499600263089619 -25018.8799611047 8.34540005709705e-05
2450220 0.00521216493819856 2450220 0.00510245707889172 -21287.6925303816 7.10080989775319e-05
2450230 0.00519280086699706 2450230 0.00508293795601368 -17540.9545969734 5.85103264905129e-05
2450240 0.00504931959852732 2450240 0.00493930163779188 -13914.0148112278 4.6412157610809e-05
2450250 0.00478632584616139 2450250 0.00467615283752695 -10449.7462205222 3.48566014309881e-05
2450260 0.00441108799581359 2450260 0.00430075994102052 -7278.40057147421 2.42781310111351e-05
2450270 0.00393514411561834 2450270 0.0038246610162281 -4488.3206078402 1.49714260251343e-05
2450280 0.00337146004654178 2450280 0.0032608219039148 -2110.24840365422 7.03903099408265e-06
2450290 0.00273570183416998 2450290 0.00262490864942378 -260.306574919592 8.68289271371836e-07
2450300 0.00204630308640721 2450300 0.0019353548603735 1036.40463784569 -3.45707375282167e-06
2450310 0.00132183073769362 2450310 0.00121072747091623 1755.43547571297 -5.85550246134936e-06
2450320 0.000583047926122956 2450320 0.000471789618823768 1825.2413462086 -6.08834978166328e-06
2450330 -0.000148673485180734 2450330 -0.000260086833111209 1284.01054264058 -4.28299814880795e-06
2450340 -0.000852960320065714 2450340 -0.000964528709052854 120.6853171346 -4.02562886137048e-07
2450350 -0.00150850682097225 2450350 -0.00162023025177178 -1666.6814040689 5.55945074531827e-06
2450360 -0.00209587534610703 2450360 -0.00220775381977607 -3983.63998485039 1.3287992671418e-05
2450370 -0.00259761649008918 2450370 -0.0027096500079554 -6815.27772337669 2.27333194732227e-05
2450380 -0.00299730514213532 2450380 -0.00310949370578106 -10081.3934418819 3.36279088177793e-05
2450390 -0.00328264168532158 2450390 -0.00339498529651989 -13652.1713196507 4.55387417372943e-05
2450400 -0.00344408932070858 2450400 -0.00355658798138039 -17475.0991881003 5.82906564917662e-05
2450410 -0.00347522967975279 2450410 -0.00358788339191853 -21400.863265591 7.13855959164622e-05
2450420 -0.00337502776299137 2450420 -0.00348783652868753 -25298.7841648353 8.43876604955662e-05
2450430 -0.0031454394200759 2450430 -0.00325840324130865 -29086.0498808635 9.70206191139855e-05
2450440 -0.00279283597368515 2450440 -0.00290595485236186 -32588.3114349571 0.000108702906178371
2450450 -0.00232850231047777 2450450 -0.00244177624833083 -35716.0049429584 0.000119135768728906
2450460 -0.00176601668204921 2450460 -0.0018794456806005 -38384.7197562166 0.00012803764314917
2450470 -0.00112312486467483 2450470 -0.00123670892517106 -40457.2785344398 0.0001349509550852
2450480 -0.000420220857373783 2450480 -0.000533959980745442 -41916.7668662596 0.000139819284133758
2450490 0.000321547905217704 2450490 0.000207653718368002 -42709.1122147769 0.000142462263726384
2450500 0.00107860226055882 2450500 0.000964553009994064 -42783.9330666928 0.000142711839224097
2450510 0.00182787169554254 2450510 0.00171366738138345 -42198.9085256469 0.00014076040740707
2450520 0.00254722400907646 2450520 0.00243286463178689 -40944.4309198878 0.000136575920531956
2450530 0.00321450050155779 2450530 0.0030999860619452 -39069.170145542 0.000130320723897404
2450540 0.0038107550100426 2450540 0.00369608550920819 -36676.9311014658 0.000122341073375054
2450550 0.00431907028239251 2450550 0.0042042457216998 -33796.90363722 0.000112734335822484
2450560 0.0047246788896271 2450560 0.00460969927066858 -30552.5210445153 0.000101912240382362
2450570 0.00501737519113502 2450570 0.00490224051566141 -27053.4765750974 9.02406843573678e-05
2450580 0.00518924966200102 2450580 0.00507395993188569 -23356.386828333 7.79085203949093e-05
2450590 0.00523600155027007 2450590 0.00512055676745308 -19616.9164512657 6.54349898664419e-05
2450600 0.00515777553682654 2450600 0.00504217570324569 -15919.0925189615 5.31003769246308e-05
2450610 0.00495675815284917 2450610 0.00484100327040835 -12339.4719423895 4.11600479368612e-05
2450620 0.0046393379381858 2450620 0.00452342800868987 -9027.8060626861 3.01135196092428e-05
2450630 0.00421517271136046 2450630 0.00409910773646452 -6011.86650450993 2.00534281102893e-05
2450640 0.00370715295880135 2450640 0.00359093293980559 -3402.02628261923 1.13479381880222e-05
2450650 0.00310733322404555 2450650 0.00299095816237334 -1288.04970558694 4.29647134614353e-06
2450660 0.00244403133145171 2450660 0.00232750122808736 324.179769323032 -1.08134731435783e-06
2450670 0.00173526842218125 2450670 0.00161858327782963 1347.37764019009 -4.49436803440229e-06
2450680 0.00100170858223182 2450680 0.00088486839727742 1746.90743260526 -5.827055971519e-06
2450690 0.000263668926236965 2450690 0.000146673700749248 1548.06725551714 -5.16379653392463e-06
2450700 -0.000457816961413806 2450700 -0.000574967227691514 695.659184256505 -2.32046926362806e-06
2450710 -0.00114114055978881 2450710 -0.00125844586744822 -769.324869055677 2.56619153859994e-06
2450720 -0.00176683108245408 2450720 -0.00188429143238881 -2798.1830261676 9.33373389322423e-06
2450730 -0.00231568977284531 2450730 -0.00243330516624665 -5387.8943477729 1.7972081031381e-05
2450740 -0.0027704963784753 2450740 -0.00288826681680155 -8424.98900986227 2.81027383612908e-05
2450750 -0.00311758678225669 2450750 -0.003235512267178 -11842.3717591818 3.95019002085162e-05
2450760 -0.00334495404242897 2450760 -0.00346303457580168 -15565.4129112491 5.19206287412644e-05
2450770 -0.00344491498861317 2450770 -0.00356315057241273 -19432.5582911185 6.48200372376229e-05
2450780 -0.00341397361667719 2450780 -0.00353236425293328 -23367.2201189673 7.79446563627939e-05
2450790 -0.003251555736668 2450790 -0.00337010142741919 -27238.5184352137 9.08579175638025e-05
2450800 -0.00296259327289262 2450800 -0.00308129402010099 -30885.1094837412 0.0001030216360004
2450810 -0.00255560266263427 2450810 -0.00267445846812988 -34239.9888729947 0.000114212309080153
2450820 -0.0020424124889386 2450820 -0.0021614233543681 -37159.6941697958 0.00012395139763588
2450830 -0.00143965075572287 2450830 -0.00155881668247508 -39541.4733228096 0.000131896157717248
2450840 -0.000765659889708284 2450840 -0.000884980878887635 -41351.2468348624 0.000137932912357863
2450850 -4.12599464586098e-05 2450850 -0.000160735998846697 -42484.4019890402 0.000141712711095088
2450860 0.000710381640264331 2450860 0.000590750524245121 -42934.898295657 0.000143215405024155
2450870 0.00146681954861639 2450870 0.00134703336889169 -42712.810166402 0.000142474598765263
2450880 0.00220477327278032 2450880 0.00208483202963673 -41785.0036193107 0.000139379769251269
2450890 0.00290176090878908 2450890 0.00278166460286178 -40238.0321259874 0.000134219627786591
2450900 0.0035379580108177 2450900 0.00341770664304927 -38116.41515497 0.000127142675333647
2450910 0.00409437461645082 2450910 0.00397396818807827 -35462.2733386416 0.000118289411198735
2450920 0.00455542226476519 2450920 0.00443486077726723 -32414.8051401833 0.000108124151476097
2450930 0.00490893064565316 2450930 0.00478821410069722 -29031.7619893363 9.68395341998107e-05
2450940 0.00514478172458238 2450940 0.00502391012399274 -25414.0027639491 8.47719883732001e-05
2450950 0.00525760256044287 2450950 0.00513657590612715 -21703.5057573264 7.23951026057046e-05
2450960 0.00524508365162594 2450960 0.00512390194552756 -17954.8337026903 5.98908785847119e-05
2450970 0.00510769638070995 2450970 0.00498635962476501 -14301.411398631 4.7704373532409e-05
2450980 0.00485064465160487 2450980 0.00472915284766879 -10850.4087099632 3.61930676386901e-05
2450990 0.00448122471476591 2450990 0.00435957786458099 -7648.59893467273 2.55129798317766e-05
2451000 0.00400982877466956 2451000 0.00388802687981697 -4830.73464380876 1.61135963060444e-05
2451010 0.00345046476346501 2451010 0.00332850782530869 -2451.65852625438 8.17785258044879e-06
2451020 0.00281813001845921 2451020 0.00269601803813059 -552.394982433453 1.84259132507414e-06
2451030 0.00213073195295645 2451030 0.0020084649313093 765.802057955054 -2.5544407056266e-06
2451040 0.00140792170402455 2451040 0.00128549964160794 1504.56989954724 -5.01870497204848e-06
2451050 0.000669330799388684 2451050 0.000546753696447308 1629.60035245191 -5.43576167100213e-06
2451060 -6.34101703339613e-05 2451060 -0.000186142313890816 1099.60228154854 -3.66787840122562e-06
2451070 -0.000769207936225903 2451070 -0.000892095120815996 -28.3143456082115 9.44464907393083e-08
2451080 -0.00142792478274602 2451080 -0.00155096700909935 -1769.74973114762 5.90324967797429e-06
2451090 -0.00201916846294468 2451090 -0.00214236573210743 -4085.47538279217 1.36276789951539e-05
2451100 -0.00252539019442136 2451100 -0.00264874250771182 -6875.78929865912 2.29351643618037e-05
2451110 -0.00293092283408938 2451110 -0.00305443019306874 -10118.8079501626 3.37527101837987e-05
2451120 -0.00322213110715544 2451120 -0.00334579351359633 -13695.8709996001 4.56845081793222e-05
2451130 -0.00339000961351163 2451130 -0.00351382706932631 -17485.4571916226 5.8325207072496e-05
2451140 -0.00342819290133459 2451140 -0.003552165408534 -21419.4135236383 7.14474729168746e-05
2451150 -0.00333438441111853 2451150 -0.00345851197174923 -25328.5860594283 8.44870689156174e-05
2451160 -0.0031114731222237 2451160 -0.00323575573828746 -29103.0869939346 9.70774488060488e-05
2451170 -0.00276514743375563 2451170 -0.002889585107166 -32643.8689181264 0.000108888225994419
2451180 -0.00229438721751674 2451180 -0.00241897995020311 -35785.7260511168 0.000119368333312497
2451190 -0.0017368950621166 2451190 -0.00186164285542378 -38467.9948884834 0.000128315419090641
2451200 -0.00109766817225141 2451200 -0.0012225710274467 -40596.9335880758 0.00013541679420126
2451210 -0.000397185954621298 2451210 -0.000522243872654473 -42070.7335864947 0.000140332861831016
2451220 0.000342738863584038 2451220 0.00021752588210141 -42899.2238329785 0.000143096407825505
2451230 0.00109977290099804 2451230 0.000974404855800677 -43028.2657591302 0.000143526845358899
2451240 0.00184997139919203 2451240 0.00172444829038592 -42454.2051565267 0.000141611985303935
2451250 0.00257108183175498 2451250 0.00244540365979114 -41247.3608947808 0.000137586386161792
2451260 0.00324182845960984 2451260 0.00311599522526917 -39405.885365389 0.000131443884973881
2451270 0.00384194320571508 2451270 0.00371595491009274 -37019.2765854325 0.000123483014991099
2451280 0.00435498284497159 2451280 0.00422883948941769 -34184.5518083366 0.000114027390937022
2451290 0.00476639204450343 2451290 0.00464009363059378 -30944.9506212906 0.000103221244549423
2451300 0.00506469804381764 2451300 0.00493824457330592 -27447.2182353515 9.15540651638125e-05
2451310 0.00524289652198186 2451310 0.00511628799673038 -23780.2906504221 7.93225113435714e-05
2451320 0.00529613958082076 2451320 0.00516937600276696 -20019.0837280588 6.67764755044598e-05
2451330 0.00522381020317713 2451330 0.00509689157426804 -16320.9745070545 5.44409109419774e-05
2451340 0.00502909209860085 2451340 0.00490201842073412 -12747.0598995264 4.25196150182217e-05
2451350 0.00471723868337838 2451350 0.00459000995837023 -9391.40146982392 3.13263433392441e-05
2451360 0.0042978884953168 2451360 0.00417050472483399 -6381.48282335897 2.12863354399628e-05
2451370 0.00378304631377074 2451370 0.00365550749929388 -3748.43451928517 1.25034316883488e-05
2451380 0.00318658081325631 2451380 0.003058886956051 -1590.57977131368 5.30560302258731e-06
2451390 0.0025259245712455 2451390 0.00239807567230702 24.2948200147387 -8.10387965621828e-08
2451400 0.00181917909022708 2451400 0.00169117515027006 1092.25440587148 -3.64336852620717e-06
2451410 0.0010859541278471 2451410 0.000957795147282109 1529.49229374649 -5.10183713076096e-06
2451420 0.000347696723035789 2451420 0.000219382701940848 1339.77373863068 -4.46900414896589e-06
2451430 -0.00037513915322291 2451430 -0.00050360821508691 542.608036095126 -1.80994558607317e-06
2451440 -0.00106133557854139 2451440 -0.00118995968174255 -899.651850332888 3.00091555449633e-06
2451450 -0.00169024302783028 2451450 -0.00181902217325687 -2911.28925676667 9.71101566793475e-06
2451460 -0.0022436733633273 2451460 -0.00237260755214963 -5451.95802330105 1.81857744510072e-05
2451470 -0.00270398302768112 2451470 -0.00283307226134302 -8487.08061088425 2.83098536484339e-05
2451480 -0.00305668061764054 2451480 -0.00318592489781057 -11882.8093719368 3.96367855656221e-05
2451490 -0.00329079575434011 2451490 -0.00342019508285691 -15578.839669268 5.19654155851645e-05
2451500 -0.00339754869749769 2451500 -0.00352710307633604 -19465.0981087257 6.49285783858033e-05
2451510 -0.003373251120821 2451510 -0.00350296055201286 -23381.904090406 7.79936368192624e-05
2451520 -0.00321798665265442 2451520 -0.00334785113823045 -27257.8675559535 9.09224592833269e-05
2451530 -0.00293529581224721 2451530 -0.0030653153541832 -30938.2105903161 0.000103198762226087
2451540 -0.00253420456153418 2451540 -0.00266437916166593 -34287.169422054 0.000114369686451732
2451550 -0.00202657791228116 2451550 -0.00215690757226054 -37242.9375474977 0.000124229067655524
2451560 -0.00142784862611741 2451560 -0.00155833334735697 -39661.3745411128 0.000132296105131213
2451570 -0.000757382519180294 2451570 -0.000888022302792342 -41480.5674798214 0.000138364279597125
2451580 -3.54092585649606e-05 2451580 -0.000166204105348119 -42670.2547342025 0.000142332649122889
2451590 0.000715470997115205 2451590 0.000584521086712728 -43148.2222967552 0.000143926977298259
2451600 0.00147166643446832 2451600 0.00134056146036411 -42948.5500809317 0.000143260942478185
2451610 0.00221090290267504 2451610 0.00207964286513205 -42079.7037416701 0.000140362783047965
2451620 0.00291042749640135 2451620 0.00277901239603532 -40543.9092810911 0.000135239924151431
2451630 0.00354958524827884 2451630 0.00341801508602577 -38451.6089178485 0.000128260761375953
2451640 0.00411046088733802 2451640 0.0039787356644117 -35840.0552685545 0.000119549556075071
2451650 0.00457645321971588 2451650 0.00444457293758748 -32787.4171005356 0.000109367051190246
2451660 0.00493518484334013 2451660 0.00480314950367275 -29433.4299177683 9.81793541909859e-05
2451670 0.00517730444975909 2451670 0.00504511405436083 -25829.0353223753 8.61563879714922e-05
2451680 0.00529605233973158 2451680 0.00516370689051534 -22102.3231059134 7.37254140860122e-05
2451690 0.00528959063045434 2451690 0.00515709012936152 -18375.4004694907 6.12937383150935e-05
2451700 0.00515855704067173 2451700 0.00502590148963383 -14703.4155333888 4.90453149871728e-05
2451710 0.00490689149331238 2451710 0.00477408089419983 -11232.2577593901 3.74667789654337e-05
2451720 0.00454283599449807 2451720 0.00440987034905351 -8038.11376874931 2.68122614637267e-05
2451730 0.00407624734838937 2451730 0.00394312665820258 -5176.77988909913 1.72678789974734e-05
2451740 0.00352042995478135 2451740 0.00338715422123585 -2779.72736404495 9.27217243085199e-06
2451750 0.00289142883289948 2451750 0.00275799805712999 -869.153092087635 2.89918264750888e-06
2451760 0.00220606915351963 2451760 0.00207248333640001 494.168886819589 -1.64836997607054e-06
2451770 0.00148408479548488 2451770 0.001350343937583 1255.69220029852 -4.18853832639954e-06
2451780 0.000745859632546619 2451780 0.000611963734114291 1412.75475008049 -4.7124425994749e-06
2451790 1.17806968420439e-05 2451790 -0.000122270242185016 933.277780272084 -3.11307958344997e-06
2451800 -0.000696237834034827 2451800 -0.000830443814060692 -187.747464174742 6.26258130131951e-07
2451810 -0.00135787776514505 2451810 -0.00149223878688883 -1884.02007590764 6.28441451955286e-06
2451820 -0.00195367174222454 2451820 -0.00208818780670718 -4166.78103810857 1.3898885468655e-05
2451830 -0.0024647999883948 2451830 -0.00259947109692907 -6955.69875882166 2.32017136295726e-05
2451840 -0.00287604229617433 2451840 -0.00301086845030898 -10154.9407065535 3.38732360857241e-05
2451850 -0.00317399791222042 2451850 -0.00330897911371198 -13726.1362422606 4.57854621621623e-05
2451860 -0.00334837138657037 2451860 -0.00348350763733501 -17518.7103349081 5.84361276190215e-05
2451870 -0.00339369234086416 2451870 -0.00352898364290287 -21426.4286745923 7.14708729416813e-05
2451880 -0.00330710961557789 2451880 -0.00344255597093584 -25359.2091190552 8.45892164473838e-05
2451890 -0.00309064580836391 2451890 -0.00322624721905495 -29139.7374723259 9.71997016426807e-05
2451900 -0.00275099106506751 2451900 -0.00288674753300174 -32682.0361958722 0.000109015538329094
2451910 -0.00229756176408737 2451910 -0.00243347329102888 -35869.9679265381 0.000119649333962024
2451920 -0.00174477776474755 2451920 -0.00188084435223686 -38560.1275807028 0.000128622740671824
2451930 -0.00110994026835583 2451930 -0.0012461619176652 -40718.4395779125 0.00013582209455687
2451940 -0.000412216749554853 2451940 -0.000548593461659329 -42245.5827186059 0.000140916095756505
2451950 0.000325925887104752 2451950 0.000189394111578456 -43083.1681173083 0.000143709979913198
2451960 0.00108197469626486 2451960 0.000945287857039107 -43260.3394048733 0.000144300959715515
2451970 0.00183301329716825 2451970 0.00169617139432072 -42729.0014490253 0.000142528607070647
2451980 0.00255558576192064 2451980 0.00241858879589271 -41532.0413961618 0.000138535978100429
2451990 0.00322885668192034 2451990 0.00309170465347644 -39743.1462163749 0.00013256886607993
2452000 0.00383294641463009 2452000 0.00369563932484289 -37375.3000046383 0.000124670581288067
2452010 0.00435011285583912 2452010 0.00421265070605637 -34550.6093496075 0.000115248427462467
2452020 0.00476669635773271 2452020 0.00462907914951398 -31353.0397966973 0.00010458248351497
2452030 0.0050708287360173 2452030 0.00493305647110617 -27846.6729122958 9.28865025426884e-05
2452040 0.00525459847024724 2452040 0.00511667115050995 -24188.7381732701 8.06849456275183e-05
2452050 0.00531416908660617 2452050 0.00517608671396846 -20446.8311441977 6.82032873028371e-05
2452060 0.00524786332193772 2452060 0.00510962589835132 -16719.1062095775 5.57689353531954e-05
2452070 0.00505867137552492 2452070 0.0049202789028952 -13151.3267623486 4.38681041213806e-05
2452080 0.00475259098658206 2452080 0.00461404346672141 -9786.40194287694 3.26439230932118e-05
2452090 0.00433789221276972 2452090 0.00419918964736229 -6737.71307970727 2.24745916713731e-05
2452100 0.00382713617437981 2452100 0.00368827856491497 -4105.12866046635 1.36932352730046e-05
2452110 0.0032343747287472 2452110 0.00309536207649648 -1909.83675961703 6.37052970697827e-06
2452120 0.00257584104008897 2452120 0.00243667334607218 -259.039381863671 8.6406237032044e-07
2452130 0.00187070188934568 2452130 0.00173137915428543 815.849809445751 -2.72138203505357e-06
2452140 0.00113809136352064 2452140 0.000998613587842891 1307.90747899876 -4.36270974835118e-06
2452150 0.000398857853721202 2452150 0.000259225037528641 1143.09574213331 -3.81295696949557e-06
2452160 -0.000325373221730295 2452160 -0.000465161078670282 362.686912532436 -1.20979331819093e-06
2452170 -0.00101436593282252 2452170 -0.00115430883105631 -1023.48331094118 3.41397284564504e-06
2452180 -0.00164724627085894 2452180 -0.00178734421125657 -3025.82611039383 1.00930694874046e-05
2452190 -0.00220495970937442 2452190 -0.00234521269310136 -5541.12072146521 1.84831891983928e-05
2452200 -0.00267098112311969 2452200 -0.00281138915159765 -8536.25159707211 2.84738704036114e-05
2452210 -0.00302984126482242 2452210 -0.00317040433971295 -11939.4345276309 3.98256667538677e-05
2452220 -0.00327028960137937 2452220 -0.00341100772451848 -15608.1942857051 5.20633320458819e-05
2452230 -0.00338435022386164 2452230 -0.00352522339720899 -19483.7519584025 6.49908009306976e-05
2452240 -0.00336694534463869 2452240 -0.00350797357023268 -23422.609848452 7.81294166127822e-05
2452250 -0.00321854495817385 2452250 -0.00335972823804558 -27280.2054512471 9.09969704816493e-05
2452260 -0.00294284940554603 2452260 -0.00308418774166926 -30983.3481898017 0.000103349325051405
2452270 -0.00254757915912088 2452270 -0.00268907255334961 -34362.4775692234 0.000114620887391448
2452280 -0.00204551510494982 2452280 -0.00218716355893993 -37317.853707575 0.000124478961067043
2452290 -0.00145154225579438 2452290 -0.00159334577097093 -39785.5499984511 0.000132710309871942
2452300 -0.00078427061008862 2452300 -0.000926229187588119 -41632.9811031189 0.000138872676720636
2452310 -6.50501117719669e-05 2452310 -0.000207163752399894 -42842.2355320718 0.000142906315315217
2452320 0.000684568031715085 2452320 0.000542299327487408 -43380.0237416612 0.000144700183690616
2452330 0.0014409334605784 2452330 0.00129850969264635 -43197.4132174523 0.000144091060547802
2452340 0.00218086739465265 2452340 0.00203828856327102 -42362.5255409741 0.000141306175023836
2452350 0.0028827912569054 2452350 0.00274005736266352 -40878.219805563 0.000136355064027538
2452360 0.00352520100682231 2452360 0.00338231205064297 -38788.4201523025 0.000129384242722685
2452370 0.0040898470876906 2452370 0.00394680307077954 -36215.3669315079 0.000120801461027775
2452380 0.00456101618361809 2452380 0.00441781710742468 -33190.2850151802 0.000110710873904574
2452390 0.00492499324288017 2452390 0.00478163910906646 -29827.6680394263 9.94943910144208e-05
2452400 0.00517279109181919 2452400 0.00502928190218655 -26255.7791744244 8.75798522403937e-05
2452410 0.0052979342669301 2452410 0.00515427002338032 -22525.107959184 7.51356725564589e-05
2452420 0.00529723707158639 2452420 0.00515341777607065 -18784.9777195309 6.26599409633277e-05
2452430 0.00517223872245078 2452430 0.00502826437689639 -15130.6509445265 5.04704189207006e-05
2452440 0.00492643962099612 2452440 0.00478231022727612 -11626.6127296217 3.87822055537557e-05
2452450 0.00456720775166596 2452450 0.00442292331153915 -8419.97516341445 2.80860139697525e-05
2452460 0.00410546500421634 2452460 0.00396102551927217 -5555.09413602564 1.85297994922395e-05
2452470 0.00355347638908967 2452470 0.00340888186072742 -3108.32728788667 1.03682637936364e-05
2452480 0.00292719300520129 2452480 0.00278244343457291 -1188.97218580445 3.96598431373629e-06
2452490 0.00224424682215804 2452490 0.00209934221014212 243.786705929049 -8.13184919845611e-07
2452500 0.00152307510021688 2452500 0.00137801544740609 1013.74429235838 -3.38148697642815e-06
2452510 0.000784761944709426 2452510 0.000639547251369555 1178.30670041106 -3.93040808388534e-06
2452520 4.9939420562174e-05 2452520 -9.54303133609009e-05 742.151761423658 -2.47555180798997e-06
2452530 -0.000660571277699459 2452530 -0.000806096052582697 -340.345765093479 1.13527127187929e-06
2452540 -0.00132522686074768 2452540 -0.00147090667730208 -2030.14113849971 6.77182191988202e-06
2452550 -0.00192495779982429 2452550 -0.00207079265905651 -4262.56462952424 1.4218385138709e-05
2452560 -0.00244141275883851 2452560 -0.00258740266203976 -7035.77539992376 2.34688205529299e-05
2452570 -0.00285805547403574 2452570 -0.00300420042275364 -10229.2897832483 3.41212379106892e-05
2452580 -0.00316236485575266 2452580 -0.00330866485172895 -13759.6625100045 4.5897293753816e-05
2452590 -0.0033436785953973 2452590 -0.00349013364053906 -17563.117419974 5.85842537105252e-05
2452600 -0.00339556475754252 2452600 -0.00354217485385655 -21467.0824479056 7.16064793327975e-05
2452610 -0.003316195113126 2452610 -0.00346296026264744 -25384.6396103891 8.46740434357063e-05
2452620 -0.0031065016213997 2452620 -0.00325342182614925 -29199.7570638203 9.73999054499908e-05
2452630 -0.00277288745543563 2452630 -0.00291996271733471 -32742.2419359921 0.000109216363061382
2452640 -0.00232554603905974 2452640 -0.00247277635987171 -35948.0699553556 0.000119909854287781
2452650 -0.00177749212445958 2452650 -0.00192487750574601 -38686.3337213585 0.000129043719042987
2452660 -0.00114651850133356 2452660 -0.00129405894438012 -40849.7921768921 0.000136260239665176
2452670 -0.000452030346818846 2452670 -0.00059972585261036 -42422.1809584917 0.000141505164077516
2452680 0.000284695652771146 2452680 0.000136845083579777 -43305.658264282 0.000144452127158856
2452690 0.00104004445139916 2452690 0.000892038818519191 -43492.8047753335 0.00014507638072514
2452700 0.00179150615901291 2452700 0.0016433454625046 -43018.4010482421 0.000143493940225281
2452710 0.002516179762242 2452710 0.00236786400252072 -41850.0769089641 0.000139596830381117
2452720 0.00319192142885083 2452720 0.00304345060667526 -40075.5397128695 0.000133677611439009
2452730 0.00379977276523639 2452730 0.0036511468816592 -37758.5771377506 0.000125949056189234
2452740 0.00432173616980088 2452740 0.00417295522615376 -34937.5158893659 0.000116539008761074
2452750 0.00474312686801973 2452750 0.0045941908658621 -31757.2753659666 0.000105930868234072
2452760 0.00505317616789876 2452760 0.00490408510895698 -28281.7614631744 9.43378017307372e-05
2452770 0.00524300192277552 2452770 0.00509375580891368 -24604.6792046673 8.20723755654562e-05
2452780 0.00530840758974773 2452780 0.00515900642289499 -20879.6522917575 6.9647023247521e-05
2452790 0.00524857223695952 2452790 0.00509901601905777 -17154.843482106 5.72223984437459e-05
2452800 0.00506512053533502 2452800 0.00491540926830095 -13555.0564773352 4.52148014922216e-05
2452810 0.00476446941539111 2452810 0.00461460310104192 -10201.1969452831 3.40275302899151e-05
2452820 0.00435516004764625 2452820 0.00420513868766672 -7126.36669996643 2.37710006032454e-05
2452830 0.00384845116680634 2452830 0.00369827476270666 -4460.61683509534 1.48790161862422e-05
2452840 0.00325940007529918 2452840 0.00310906862835608 -2264.87531085762 7.55481083802856e-06
2452850 0.00260380386866476 2452850 0.00245331737991003 -564.721391572029 1.88370780018765e-06
2452860 0.00190004864558895 2452860 0.00174940711576932 535.130678835886 -1.78500380698665e-06
2452870 0.00116845114596563 2452870 0.00101765457551279 1042.04672371833 -3.47589372551305e-06
2452880 0.000428861327865094 2452880 0.000277909716902968 936.309884012671 -3.12319359285773e-06
2452890 -0.000297059733890599 2452890 -0.000448166385573947 168.957553836643 -5.63581735724128e-07
2452900 -0.000988162474759327 2452900 -0.00113942416770376 -1189.32085079916 3.96714733497117e-06
2452910 -0.00162477337249488 2452910 -0.00177619010754531 -3141.05814212266 1.04774421714193e-05
2452920 -0.00218697750266837 2452920 -0.00233854928097849 -5655.62702479653 1.88651411130447e-05
2452930 -0.00265791586550346 2452930 -0.00280964268848835 -8616.54387378274 2.87416966099352e-05
2452940 -0.0030230705655041 2452940 -0.00317495243480398 -11994.3944900531 4.00089934552428e-05
2452950 -0.00326980170541411 2452950 -0.00342183862286514 -15673.5922815512 5.22814762790036e-05
2452960 -0.00339046367193409 2452960 -0.003542655639491 -19519.5968542991 6.51103666333697e-05
2452970 -0.00338030457255423 2452970 -0.00353265159224543 -23467.3439660379 7.82786335673524e-05
2452980 -0.00323837275405699 2452980 -0.00339087482792564 -27343.902013253 9.12094393423768e-05
2452990 -0.00296922473388118 2452990 -0.0031218818638998 -31033.8763504252 0.000103517868853209
2453000 -0.00258013434617387 2453000 -0.00273294653420219 -34453.4075918357 0.000114924197298638
2453010 -0.00208294310610419 2453010 -0.00223591035381833 -37431.0058395878 0.000124856395952389
2453020 -0.00149361546228933 2453020 -0.00164673777111788 -39909.0619473459 0.000133122301386734
2453030 -0.000829696475925455 2453030 -0.000982973847024974 -41814.7105063602 0.000139478860760267
2453040 -0.000112416440658117 2453040 -0.000265848874855976 -43042.066522184 0.00014357287974931
2453050 0.00063575630079963 2453050 0.000482168803024433 -43612.2205874301 0.000145474708998283
2453060 0.00139245987014889 2453060 0.00123871730866408 -43486.3183494217 0.000145054744337236
2453070 0.00213378810543051 2453070 0.00197989048047449 -42659.7029911861 0.000142297452296769
2453080 0.00283776208112855 2453080 0.00268370939328051 -41220.0730120135 0.00013749536358254
2453090 0.00348391899351545 2453090 0.00332971124367184 -39168.2749246329 0.000130651301857077
2453100 0.00405271708492697 2453100 0.00389835427428726 -36593.6535189567 0.000122063289260455
2453110 0.00452873784586617 2453110 0.0043742199758689 -33612.1413047703 0.000112118035019981
2453120 0.00489868698534934 2453120 0.00474401405763915 -30259.1885799092 0.000100933788600877
2453130 0.00515218622477798 2453130 0.00499735824116046 -26681.1731964412 8.8998813960961e-05
2453140 0.00528364772443398 2453140 0.00512866468680136 -22980.4201316521 7.66544304848793e-05
2453150 0.00528952871702371 2453150 0.00513439062732313 -19220.8883482141 6.41139823077674e-05
2453160 0.00517036075740622 2453160 0.00501506761757659 -15561.4346324841 5.19073586316976e-05
2453170 0.00493076433495808 2453170 0.00477531614686667 -12064.7971692919 4.02438315152409e-05
2453180 0.00457707975685371 2453180 0.00442147652226948 -8816.95472160848 2.94101952411641e-05
2453190 0.00411995179872993 2453190 0.00396419351925678 -5947.84629093699 1.98398796641408e-05
2453200 0.00357253816645701 2453200 0.00341662484349485 -3484.06642898597 1.16215946599496e-05
2453210 0.00294943207644302 2453210 0.00279336371116547 -1517.14748826917 5.06065929206656e-06
2453220 0.00226880935659189 2453220 0.00211258594989076 -112.099949864571 3.73925183483337e-07
2453230 0.00154941396230595 2453230 0.00139303551478241 732.308353102659 -2.44271773208737e-06
2453240 0.000811110226226427 2453240 0.000654576738173664 940.159547602097 -3.13603468837798e-06
2453250 7.56894342339254e-05 2453250 -8.09990943927645e-05 511.236093035565 -1.70530004806047e-06
2453260 -0.000636414468287768 2453260 -0.000793258037849918 -517.33511714399 1.72564420264365e-06
2453270 -0.00130429471521861 2453270 -0.00146129332640192 -2182.80695287063 7.28106026226527e-06
2453280 -0.00190753808973321 2453280 -0.00206469174353988 -4403.34302172258 1.46879713088799e-05
2453290 -0.00242870683135166 2453290 -0.00258601552905428 -7125.50929329919 2.37681406024537e-05
2453300 -0.00285105949453886 2453300 -0.00300852323766959 -10319.3472051078 3.44216371350736e-05
2453310 -0.00316103416341604 2453310 -0.00331865295371732 -13836.1939844441 4.61525752740721e-05
2453320 -0.00334905094721985 2453320 -0.00350682478658267 -17608.73696653 5.87364241382282e-05
2453330 -0.00340767079562564 2453330 -0.00356559968605631 -21535.9708746547 7.18362663901795e-05
2453340 -0.00333468564158065 2453340 -0.00349276958511975 -25443.3900955837 8.487001396007e-05
2453350 -0.0031318742112514 2453350 -0.0032901132099119 -29260.2567437929 9.7601710660089e-05
2453360 -0.00280418020368346 2453360 -0.00296257425940169 -32841.0938175641 0.000109546097445734
2453370 -0.00236219508351608 2453370 -0.00252074419806416 -36044.4125265839 0.000120231218513789
2453380 -0.00181922888638445 2453380 -0.00197793306132809 -38818.4362840915 0.000129484365761101
2453390 -0.00119169828994639 2453390 -0.00135055752659679 -41023.4793892001 0.000136839597843386
2453400 -0.000500029915041078 2453400 -0.000659044214392705 -42603.1105006642 0.00014210868006781
2453410 0.000234881966623058 2453410 7.57126038997045e-05 -43544.6953296349 0.000145249468983089
2453420 0.000990201907931644 2453420 0.000830877481520133 -43763.9522907015 0.000145980831481429
2453430 0.0017421430684181 2453430 0.00158266357837082 -43306.3456107411 0.000144454419899853
2453440 0.00246874868507476 2453440 0.00230911413178454 -42198.6252028456 0.000140759462343931
2453450 0.00314777959827181 2453450 0.00298798998247631 -40437.3659482168 0.000134884533847135
2453460 0.00375920838797428 2453460 0.00359926371072169 -38144.5054406451 0.000127236374440898
2453470 0.00428621089815232 2453470 0.00412611116075167 -35367.3271851017 0.000117972704920755
2453480 0.004713190131564 2453480 0.00455293533556619 -32179.3277742991 0.000107338683531188
2453490 0.00502891094390094 2453490 0.00486850109103105 -28730.5345289036 9.58347475469301e-05
2453500 0.0052254513939246 2453500 0.00506488648603053 -25068.7997950451 8.36205152133784e-05
2453510 0.00529722853491527 2453510 0.00513650857393151 -21320.565447652 7.11177512265904e-05
2453520 0.00524372622838139 2453520 0.00508285121625042 -17617.6705664401 5.87662234199371e-05
2453530 0.00506693154224584 2453530 0.00490590148087933 -14002.0993421332 4.67059759793331e-05
2453540 0.00477188280613632 2453540 0.00461069769736783 -10619.8264300073 3.54239279428681e-05
2453550 0.00436806722575138 2453550 0.00420672707126737 -7553.88734385447 2.51970559708159e-05
2453560 0.0038663428574469 2453560 0.00370484765876545 -4846.31484635921 1.61655662677118e-05
2453570 0.00328086023719418 2453570 0.00311920999561397 -2626.80531513648 8.76207938205198e-06
2453580 0.00262862334573846 2453580 0.00246681806229455 -916.702874072029 3.05779164755382e-06
2453590 0.00192698123044179 2453590 0.00176502090590021 239.334429360765 -7.98333723794897e-07
2453600 0.00119612813407452 2453600 0.00103401276888818 759.945652609213 -2.53490584012361e-06
2453610 0.00045690475012707 2453610 0.000294634344425769 682.946107651659 -2.27806300467925e-06
2453620 -0.000270328959410581 2453620 -0.000432754405812752 -29.5060038192674 9.84214346688717e-08
2453630 -0.000963702950060206 2453630 -0.00112628343768825 -1384.01197178465 4.61656701111757e-06
2453640 -0.00160314261627968 2453640 -0.00176587814596985 -3295.13622811585 1.09913913448612e-05
2453650 -0.00216981965144271 2453650 -0.00233271022432322 -5772.97180873397 1.92565611798479e-05
2453660 -0.00264554728591509 2453660 -0.00280859290339612 -8737.21945135613 2.9144227008393e-05
2453670 -0.00301611702435041 2453670 -0.00317931768806245 -12074.636651274 4.02766524942866e-05
2453680 -0.00326935204236019 2453680 -0.00343270775412255 -15747.8566879714 5.25291956743335e-05
2453690 -0.00339614012689255 2453690 -0.0035596508886658 -19601.9010994307 6.53849040439525e-05
2453700 -0.00339259264163314 2453700 -0.00355625845543817 -23523.0104808827 7.8464317073923e-05
2453710 -0.00325740859169284 2453710 -0.0034212294595707 -27426.9827295355 9.14865667819287e-05
2453720 -0.00299407519929305 2453720 -0.00315805112323071 -31128.2467948919 0.000103832654772429
2453730 -0.00261094028986611 2453730 -0.00277507127172113 -34545.3371106768 0.00011523084116638
2453740 -0.0021072153349046 2453740 -0.00227150137654674 -37574.3839232463 0.000125334653759857
2453750 -0.00152173585925631 2453750 -0.00168617696195321 -40065.0616384838 0.00013364266034499
2453760 -0.000861364847247826 2453760 -0.00102596101216068 -41995.4919273416 0.00014008188267145
2453770 -0.000145942805715018 2453770 -0.0003106940336974 -43280.6662233151 0.000144368762683533
2453780 0.000601452408877723 2453780 0.000436546117330059 -43861.6584603758 0.000146306744182256
2453790 0.00135806636734272 2453790 0.00119300501208683 -43781.4635640333 0.000146039242801876
2453800 0.00210121099434204 2453800 0.00193599457558677 -43000.1647145821 0.000143433110363911
2453810 0.00280764709972867 2453810 0.0026422756180432 -41567.0881823752 0.000138652881595758
2453820 0.00345717843072673 2453820 0.00329165188699338 -39567.9901694462 0.000131984608396807
2453830 0.00403085891959783 2453830 0.00386517731499268 -37013.2803502852 0.000123463013703584
2453840 0.00451183026914692 2453840 0.00434599360510744 -34034.6073670515 0.000113527230118149
2453850 0.00488765352209752 2453850 0.00472166180025406 -30724.6238337811 0.000102486313494188
2453860 0.00514770114164602 2453860 0.00498155436379369 -27137.824905008 9.05220401008489e-05
2453870 0.00528528471416813 2453870 0.00511898288220577 -23439.4181047838 7.81854829209339e-05
2453880 0.00529799639901828 2453880 0.00513153951488205 -19699.7524287503 6.5711300945237e-05
2453890 0.00518536323943018 2453890 0.00501875130506358 -16008.5378262591 5.3398734354615e-05
2453900 0.00495161922097703 2453900 0.00478485223825791 -12516.0643413609 4.17490967746792e-05
2453910 0.0046040653260908 2453910 0.00443714329678379 -9259.08969159871 3.08849987533666e-05
2453920 0.00415194330014778 2453920 0.00398486622587425 -6339.34877876373 2.11457913953383e-05
2453930 0.00360884636612131 2453930 0.00344161424829183 -3886.40755343347 1.2963660191323e-05
2453940 0.00298974429927263 2453940 0.00282235713906568 -1892.00741675221 6.31105742077143e-06
2453950 0.00231150243701426 2453950 0.00214396023534681 -436.349329443104 1.45550469266009e-06
2453960 0.00159394474738986 2453960 0.00142624750487151 410.654310484522 -1.36979533515991e-06
2453970 0.000856554950364424 2453970 0.000688702667302676 671.744634590708 -2.24069891241463e-06
2453980 0.00012036236879375 2453980 -4.76449548299586e-05 272.386414326751 -9.08583278391717e-07
2453990 -0.000592872779134667 2453990 -0.000761035143676296 -742.880584002307 2.47798289843004e-06
2454000 -0.00126323445378405 2454000 -0.00143155185990836 -2352.08464691588 7.84570987077959e-06
2454010 -0.00187024309482251 2454010 -0.0020387155435118 -4563.08301336897 1.52208065666848e-05
2454020 -0.00239536660773693 2454020 -0.00256399410026086 -7262.87073826792 2.42263290635147e-05
2454030 -0.00282306667466399 2454030 -0.0029918492125331 -10414.3573128463 3.47385567412983e-05
2454040 -0.00313887778488 2454040 -0.00330781536982918 -13942.940772809 4.65086442328344e-05
2454050 -0.00333274596848658 2454050 -0.00350183860240657 -17691.9405504676 5.90139614201624e-05
2454060 -0.00339817753090112 2454060 -0.00356742521578335 -21605.8686025296 7.20694201137295e-05
2454070 -0.00333151529558915 2454070 -0.00350091803348177 -25541.252032369 8.51964462440513e-05
2454080 -0.00313484170539176 2454080 -0.00330439949831061 -29343.2438053791 9.78785257012005e-05
2454090 -0.00281343772396601 2454090 -0.00298315057384506 -32946.7633472806 0.000109898573056433
2454100 -0.00237641823545547 2454100 -0.00254628614408736 -36184.6899095004 0.000120699133496882
2454110 -0.00183804590721472 2454110 -0.00200806887617096 -38958.8645127322 0.000129952783911369
2454120 -0.00121435320200814 2454120 -0.00138453123261163 -41216.5478698259 0.000137483604973898
2454130 -0.000524816457944958 2454130 -0.000695149551216622 -42826.4492076112 0.000142853657804864
2454140 0.000208432590792042 2454140 3.79444341744348e-05 -43783.7425614783 0.000146046844719083
2454150 0.000963529629810072 2454150 0.000792886409507765 -44067.725286403 0.000146994109125997
2454160 0.001716753592304 2454160 0.00154595530834603 -43627.4216825956 0.000145525414393832
2454170 0.00244508880061571 2454170 0.00227413545338799 -42547.1770711913 0.000141922106229875
2454180 0.00312752631799944 2454180 0.00295641790821362 -40840.6486795744 0.000136229740241078
2454190 0.00374320573858109 2454190 0.00357194226727227 -38548.848794851 0.000128585118691849
2454200 0.00427481358472726 2454200 0.00410339505319897 -35804.8938319862 0.000119432270147324
2454210 0.00470780970709799 2454210 0.00453623611687924 -32644.8029564346 0.000108891341610851
2454220 0.00502955040473544 2454220 0.00485782175755128 -29183.5828117412 9.7345953952388e-05
2454230 0.00523237039874282 2454230 0.00506048669643711 -25553.0212284577 8.52357040564966e-05
2454240 0.00531116543370037 2454240 0.00513912667819616 -21799.8038663259 7.27163185216817e-05
2454250 0.00526395388694011 2454250 0.00509176008019116 -18078.01932368 6.03017815867801e-05
2454260 0.00509362217449476 2454260 0.00492127331841006 -14482.1381874317 4.83072132102524e-05
2454270 0.00480489049762711 2454270 0.00463238659404248 -11066.4118986199 3.6913576720532e-05
2454280 0.00440623473037916 2454280 0.00423357578099899 -7983.06113749238 2.66286256523918e-05
2454290 0.00390970283585574 2454290 0.00373688884219762 -5274.82746420495 1.75949305042389e-05
2454300 0.00332841051289831 2454300 0.00315544147627647 -3004.53475294066 1.00220491635605e-05
2454310 0.0026791316028914 2454310 0.00250600752435999 -1283.41229354751 4.2810026046336e-06
2454320 0.00198022465413059 2454320 0.0018069455344591 -102.914719444194 3.43286552739741e-07
2454330 0.00125050122293906 2454330 0.00107706706260531 471.824124243817 -1.57383587096049e-06
2454340 0.000511407583338303 2454340 0.000337818382487569 399.309599376439 -1.33195345219939e-06
2454350 -0.000216265826662218 2454350 -0.000390010068207004 -269.493057970097 8.98932080439785e-07
2454360 -0.000911861887608275 2454360 -0.00108576117034448 -1580.88065290297 5.27325024601843e-06
2454370 -0.00155407529311696 2454370 -0.00172812961787229 -3490.95526576302 1.16445733460147e-05
2454380 -0.00212438193526351 2454380 -0.00229859130315289 -5918.79273003059 1.97429674165805e-05
2454390 -0.00260517523577114 2454390 -0.0027795396481825 -8863.67486673873 2.9566036870543e-05
2454400 -0.002980804989451 2454400 -0.00315532444801492 -12200.5853789513 4.0696772228177e-05
2454410 -0.00323999034961433 2454410 -0.0034146648561363 -15834.299588731 5.28175381541152e-05
2454420 -0.00337333838169736 2454420 -0.00354816793812851 -19699.9224596689 6.57118681073321e-05
2454430 -0.00337581117663081 2454430 -0.0035507957850004 -23621.1170717258 7.87915654359983e-05
2454440 -0.00324722886714838 2454440 -0.00342236852948843 -27510.4912998694 9.17651213889759e-05
2454450 -0.00299002770308012 2454450 -0.0031653224213849 -31251.4349851462 0.000104243566344642
2454460 -0.00261212768733151 2454460 -0.00278757746347247 -34671.1904546055 0.000115650642734333
2454470 -0.00212523432571982 2454470 -0.00230083916138694 -37716.6164098024 0.000125809090266715
2454480 -0.0015435873555234 2454480 -0.00171934725218584 -40261.0223073766 0.000134296314777127
2454490 -0.000886093197784325 2454490 -0.00106200815661811 -42197.6716771273 0.000140756281724497
2454500 -0.00017297744755274 2454500 -0.000349047469420301 -43525.6363801068 0.000145185895170541
2454510 0.000574010494497329 2454510 0.0003977854090708 -44154.9186141245 0.000147284954760685
2454520 0.00133093300286649 2454520 0.00115455285372696 -44083.787378077 0.00014704768649676
2454530 0.00207538991221431 2454530 0.00189885469955505 -43358.944538946 0.000144629871038804
2454540 0.00278488256166225 2454540 0.00260819228602539 -41953.2633713622 0.000139941023370782
2454550 0.00343778198574189 2454550 0.00326093664800493 -39964.9216076716 0.00013330862915728
2454560 0.00401600635180745 2454560 0.00383900595312823 -37463.6323857304 0.000124965226395823
2454570 0.00450258113533756 2454570 0.00432542567713713 -34485.8722886466 0.000115032487870814
2454580 0.00488392619728754 2454580 0.00470661568119751 -31187.7044096142 0.000104030984027004
2454590 0.00515054844869384 2454590 0.00497308287649301 -27635.0770292048 9.21806946497794e-05
2454600 0.00529481362372626 2454600 0.0051171929973118 -23914.9768396631 7.97717761120698e-05
2454610 0.00531386427109992 2454610 0.00513608859241331 -20187.3322056403 6.73376920163893e-05
2454620 0.00520820601976874 2454620 0.0050302752907436 -16500.0168818086 5.50381320193472e-05
2454630 0.00498062723285958 2454630 0.00480254145538633 -12972.7349800031 4.32723860585016e-05
2454640 0.00463879852765719 2454640 0.00446055770350728 -9725.24195438425 3.24399153309729e-05
2454650 0.00419238474127176 2454650 0.00401398887206682 -7014.20967300407 2.33968850310573e-05
2454660 0.00365355681046041 2454660 0.00347500589763333 -4287.72636401338 1.43023156506938e-05
2454670 0.00303830352975911 2454670 0.00285959757449488 -2532.8380429983 8.44863830096187e-06
2454680 0.00236315526599014 2454680 0.00218429426921745 -788.036713027856 2.62860753164063e-06
2454690 0.00164704141393444 2454690 0.00146802537628846 88.1117386908067 -2.93909123927349e-07
2454700 0.000910734153995734 2454700 0.000731563075789571 360.7975627384 -1.20349112564533e-06
2454710 0.000174258259385677 2454710 -5.06785937805373e-06 20.9213011904241 -6.97859490195185e-08
2454720 -0.000540674884623251 2454720 -0.000720156044278574 -979.482027545577 3.26720036281092e-06
2454730 -0.00121306041120396 2454730 -0.00139269661241059 -2562.54014076371 8.54771383462793e-06
2454740 -0.00182370532288239 2454740 -0.00200349656659762 -4723.34781796406 1.57553924120535e-05
2454750 -0.00235327064230433 2454750 -0.00253321692978532 -7425.09339083927 2.47674455867708e-05
2454760 -0.00278570818020998 2454760 -0.00296580951296271 -10542.5517001671 3.51661671894599e-05
2454770 -0.00310760642316193 2454770 -0.00328786280290034 -14045.5401480187 4.68508789104316e-05
2454780 -0.00330752565369889 2454780 -0.00348793708231428 -17811.4558519175 5.94126215540669e-05
2454790 -0.00337920952210884 2454790 -0.00355977600158952 -21696.2729551393 7.23709765745317e-05
2454800 -0.00331940503228 2454800 -0.00350012656466474 -25639.7630567246 8.55250436511135e-05
2454810 -0.0031287077427241 2454810 -0.00330958433004241 -29467.4567834081 9.82928555974816e-05
2454820 -0.00281328557256178 2454820 -0.00299431721674755 -33059.0161314341 0.000110273008040229
2454830 -0.0023818586444215 2454830 -0.0025630453472734 -36337.6823820169 0.000121209461453553
2454840 -0.00183605992612506 2454840 -0.00201740168941645 -39137.5006493342 0.000130548649924123
2454850 -0.00121627279867523 2454850 -0.00139776962355331 -41405.6762382801 0.000138114469304895
2454860 -0.000529358965126949 2454860 -0.000711010852632535 -43076.2191255613 0.000143686800571752
2454870 0.000202775191447925 2454870 2.09682406136808e-05 -44051.2917563295 0.000146939292770099
2454880 0.000957209152888256 2454880 0.000775247138379593 -44365.0762175502 0.000147985965069042
2454890 0.00171153656108843 2454890 0.001529419482907 -43984.8881901884 0.000146717794315521
2454900 0.00244204531450006 2454900 0.00225977317301517 -42911.1644603287 0.000143136237471087
2454910 0.00312722211155888 2454910 0.00294479490747342 -41245.1139539831 0.000137578891174051
2454920 0.00374734427082251 2454920 0.00356476200514516 -38992.988386995 0.000130066608903801
2454930 0.00428374287904323 2454930 0.00410100555307214 -36246.0077784494 0.000120903667891636
2454940 0.00472210974286328 2454940 0.00453921735811845 -33126.541223743 0.000110498247503421
2454950 0.00505036258939984 2454950 0.00486731514758862 -29673.0460313431 9.89786275121807e-05
2454960 0.00525932974228162 2454960 0.00507612724525355 -26034.3574602739 8.68412689030151e-05
2454970 0.00534476334452886 2454970 0.00516140579419935 -22311.0465868682 7.44216406767251e-05
2454980 0.00530444214011047 2454980 0.00512092953842938 -18565.2904453504 6.1927143094942e-05
2454990 0.00514014505291341 2454990 0.00495647740180301 -14960.4788675772 4.99027859719448e-05
2455000 0.00485772986815639 2455000 0.00467390716944812 -11554.249617665 3.85408281941002e-05
2455010 0.0044646801947067 2455010 0.00428070245011597 -8425.47468133966 2.810435838696e-05
2455020 0.00397271661779017 2455020 0.00378858382885066 -5710.08343033997 1.90467881294731e-05
2455030 0.00339593352959696 2455030 0.00321164569762382 -3423.14055148922 1.1418367807936e-05
2455040 0.00274969235287468 2455040 0.00256524947894486 -1649.94115005954 5.50361126849808e-06
2455050 0.00205288887295503 2455050 0.00186829095785251 -464.646334536482 1.549893341668e-06
2455060 0.00132477332583303 2455060 0.00114002037004331 151.061261910465 -5.03886131486553e-07
2455070 0.000585474311411932 2455070 0.000400566315108423 122.869011543781 -4.09846906634925e-07
2455080 -0.000143035499439567 2455080 -0.00032809853642416 -541.555671951937 1.80643527714075e-06
2455090 -0.000840383345286049 2455090 -0.0010256014234349 -1798.68367188447 5.99976291559834e-06
2455100 -0.00148598833371206 2455100 -0.00167136145382744 -3683.18386645849 1.22857789386366e-05
2455110 -0.00205992626723797 2455110 -0.00224545443043111 -6104.15069318199 2.03612550292442e-05
2455120 -0.00254549595275506 2455120 -0.00273117916039611 -8998.74309349066 3.00165759790083e-05
2455130 -0.0029268938219544 2455130 -0.00311273207565858 -12334.923485728 4.11448759185529e-05
2455140 -0.00319169621895659 2455140 -0.00337768952053173 -15958.5652119069 5.32320436557043e-05
2455150 -0.00333167303186024 2455150 -0.00351782138324178 -19795.4532828726 6.6030524633387e-05
2455160 -0.00334079988006033 2455160 -0.00352710328327713 -23741.2048671482 7.91921352042424e-05
2455170 -0.0032183924128021 2455170 -0.00340485086989363 -27620.8381731839 9.21331989385266e-05
2455180 -0.00296783925752794 2455180 -0.00315445277048111 -31365.6786632797 0.000104624642235929
2455190 -0.00259559907915466 2455190 -0.00278236764985626 -34828.4579643987 0.000116175230680415
2455200 -0.00211368871996204 2455200 -0.00230061235011253 -37870.4084972219 0.000126322085451602
2455210 -0.00153672272252261 2455210 -0.00172380141359584 -40451.1141807192 0.000134930393014487
2455220 -0.000882203652199817 2455220 -0.00106943740539827 -42435.1450700957 0.000141548407699088
2455230 -0.000171386036640673 2455230 -0.000358774852837265 -43769.6794690517 0.000145999935292074
2455240 0.000574313606655633 2455240 0.000386769726920048 -44456.0454385822 0.000148289405728086
2455250 0.00133180041799982 2455250 0.00114410147454248 -44419.965882343 0.000148169057282765
2455260 0.0020773038989074 2455260 0.00188944989191411 -43710.9718808558 0.000145804107856695
2455270 0.0027892388171014 2455270 0.00260122974709265 -42365.0094508347 0.000141314460455289
2455280 0.00344596195695176 2455280 0.00325779782478361 -40388.3748832503 0.000134721117244552
2455290 0.00402821102688559 2455290 0.00383989183371278 -37908.332411317 0.000126448586012518
2455300 0.00452017879760949 2455300 0.00433170454483185 -34974.8490282779 0.000116663538708095
2455310 0.00490741973588697 2455310 0.00471879042512832 -31665.0243787994 0.000105623152063417
2455320 0.00517990726487845 2455320 0.00499112289791805 -28134.2000324346 9.38455897794288e-05
2455330 0.00533100754114205 2455330 0.00514206811986204 -24430.0624151252 8.14899166513561e-05
2455340 0.005356447730869 2455340 0.00516735325721776 -20676.2498357744 6.89685456856104e-05
2455350 0.00525702477826465 2455350 0.00506777525417821 -17006.1974712137 5.6726568722465e-05
2455360 0.00503598347899633 2455360 0.0048465789063604 -13461.889703681 4.49040305866566e-05
2455370 0.00469952562868381 2455370 0.00450996600928796 -10184.8579460314 3.39730292548968e-05
2455380 0.00425827450499416 2455380 0.00406855984046323 -7231.22583021198 2.41207730122817e-05
2455390 0.0037241125295939 2455390 0.00353424282136848 -4709.57009741345 1.57094348831599e-05
2455400 0.00311203138814098 2455400 0.00292200663742922 -3934.18163768918 1.31230173832098e-05
2455410 0.00243978652422128 2455410 0.00224960673195604 -1177.63479230629 3.9281668396951e-06
2455420 0.00172534713289663 2455420 0.00153501229973214 -242.14068174245 8.07694374160839e-07
2455430 0.000989310139737359 2455430 0.000798820266008504 45.7247791027499 -1.52521445695442e-07
2455440 0.000252738628099669 2455440 6.20937138147282e-05 -269.352249263218 8.98462393150723e-07
2455450 -0.000463961314670293 2455450 -0.000654761269819431 -1214.08102388837 4.04973838230571e-06
2455460 -0.00113907842225557 2455460 -0.00133003341891366 -2792.5776378145 9.31503633028186e-06
2455470 -0.00175293612859572 2455470 -0.00194404616771259 -4915.44538379602 1.63961609194185e-05
2455480 -0.00228734607395647 2455480 -0.00247861115676398 -7581.55499029378 2.52893453053238e-05
2455490 -0.00272493273793414 2455490 -0.00291635286593356 -10704.2715666091 3.57056065987127e-05
2455500 -0.0030525097553352 2455500 -0.00324408493023225 -14167.451720619 4.72575321445179e-05
2455510 -0.00325916710654287 2455510 -0.00345089733021242 -17928.1082872961 5.98017321946642e-05
2455520 -0.00333717077473801 2455520 -0.00352905604917487 -21825.5157734079 7.28020842118982e-05
2455530 -0.00328410207784617 2455530 -0.00347614240508264 -25742.7647669128 8.58686203737413e-05
2455540 -0.0031002347080534 2455540 -0.00329243009011754 -29597.3884518245 9.87262609916106e-05
2455550 -0.00279062023427376 2455550 -0.00298297067311531 -33205.0119396005 0.000110759997636767
2455560 -0.00236510675433273 2455560 -0.00255761225174873 -36483.2254157653 0.0001216949407572
2455570 -0.00183584626821293 2455570 -0.00202850682581199 -39334.3595528149 0.000131205300544335
2455580 -0.0012197090612408 2455580 -0.00141252468036996 -41617.1600048338 0.000138819903217291
2455590 -0.000536138802168403 2455590 -0.000729109483873223 -43314.8484334967 0.000144482782263644
2455600 0.000194341810129457 2455600 1.21606512161834e-06 -44349.2147592128 0.000147933056939054
2455610 0.000948289579468745 2455610 0.000755008770794025 -44672.1071323716 0.000149010109962044
2455620 0.0017027909065639 2455620 0.00150935503421372 -44337.5545698037 0.000147894162733753
2455630 0.00243534070083433 2455630 0.00224174976514905 -43311.4944805652 0.000144471594680895
2455640 0.00312320420145251 2455640 0.002929458203125 -41648.5042082685 0.000138924456225875
2455650 0.0037468560189514 2455650 0.00355295495897727 -39445.9268196122 0.000131577448888365
2455660 0.00428824187915475 2455660 0.00409418575880955 -36719.8807919004 0.000122484338121343
2455670 0.00473158679972917 2455670 0.00453737562053305 -33600.3847648224 0.000112078819423878
2455680 0.00506563989935454 2455680 0.00487127366300208 -30186.3238070102 0.000100690737880438
2455690 0.00528104531072022 2455690 0.00508652401905109 -26537.2056431174 8.85185898943375e-05
2455700 0.00537239345791827 2455700 0.005177717112856 -22814.2327966531 7.6100089204556e-05
2455710 0.00533859629464512 2455710 0.00514376489813011 -19087.4716380167 6.36689520655542e-05
2455720 0.00518049756041632 2455720 0.00498551111437589 -15447.5068590818 5.15273364851687e-05
2455730 0.00490351948479212 2455730 0.00470837799106952 -12042.6708372193 4.01700260158622e-05
2455740 0.00451612195066293 2455740 0.00432082541097022 -8906.47102625757 2.97087894928216e-05
2455750 0.00402863574737782 2455750 0.00383318416326692 -6144.72018367563 2.04965802831358e-05
2455760 0.00345557650535763 2455760 0.00325996987815535 -3857.70948952327 1.28679337541016e-05
2455770 0.0028127377217956 2455770 0.00261697605258389 -2050.27664898436 6.83898675324368e-06
2455780 0.00211764262078176 2455780 0.00192172591037086 -821.967847171474 2.74178961223726e-06
2455790 0.00139062611454002 2455790 0.00119455436342489 -200.972509335168 6.70372132360875e-07
2455800 0.000651539391462381 2455800 0.000455312599830163 -175.273107119722 5.84648153889589e-07
2455810 -7.85013832185412e-05 2455810 -0.000274883215508104 -810.681579321833 2.70414267500296e-06
2455820 -0.000777790193457038 2455820 -0.000974327066880761 -2055.39927295383 6.85607398753785e-06
2455830 -0.00142662445522484 2455830 -0.00162331637056503 -3881.88208778533 1.29485648627803e-05
2455840 -0.00200508201695178 2455840 -0.00220192897529965 -6293.7535915119 2.09937022215279e-05
2455850 -0.00249534973503659 2455850 -0.00269235173775953 -9170.27602601387 3.05887482533462e-05
2455860 -0.00288276768485979 2455860 -0.0030799247335525 -12464.0293802904 4.15755268275975e-05
2455870 -0.00315403486935992 2455870 -0.00335134696582336 -16099.8520895602 5.37033259507824e-05
2455880 -0.00330040103922592 2455880 -0.0034978681853967 -19917.9284396457 6.64390577819196e-05
2455890 -0.00331680976970889 2455890 -0.00351443196760201 -23852.6219747966 7.95637826712658e-05
2455900 -0.00320113827289067 2455900 -0.00339891552455408 -27762.0392491516 9.26041950299883e-05
2455910 -0.00295701127145947 2455910 -0.00315494357888489 -31494.2209226123 0.000105053413060219
2455920 -0.00259129763649875 2455920 -0.0027893850015714 -34981.7874334281 0.000116686682736455
2455930 -0.00211455069915015 2455930 -0.00231279312359163 -38062.1654826575 0.00012696171790505
2455940 -0.00154228912302212 2455940 -0.0017406866083134 -40642.634524603 0.000135569236116684
2455950 -0.000891696739692251 2455950 -0.00109024928704787 -42678.6530611782 0.000142360662926277
2455960 -0.000183073954103407 2455960 -0.000381781564423132 -44047.8214754806 0.000146927717159184
2455970 0.000560911534785426 2455970 0.000362048860953288 -44749.0627825201 0.000149266806380166
2455980 0.00131810259626595 2455980 0.00111908485871665 -44774.5768232351 0.000149351912059226
2455990 0.00206484617908847 2455990 0.00186567337798399 -44085.1553371804 0.000147052249517166
2456000 0.00277841756315014 2456000 0.00257908969900482 -42766.5334958496 0.000142653800503045
2456010 0.00343838620905728 2456010 0.00323890328270224 -40841.8341937237 0.000136233694690624
2456020 0.00402475309535644 2456020 0.00382511510793289 -38361.5706916679 0.000127960426181462
2456030 0.00452111645866598 2456030 0.00432132341156945 -35460.7054855646 0.000118284181403805
2456040 0.00491407416369473 2456040 0.00471412605852854 -32178.4687273471 0.000107335818058996
2456050 0.00519228019999333 2456050 0.00499217703853673 -28631.6516128918 9.55049096428295e-05
2456060 0.00534927813819492 2456060 0.00514901992232726 -24956.2646578759 8.32451384013e-05
2456070 0.00538128293738158 2456070 0.00518086966904091 -21198.7011951809 7.0711255835465e-05
2456080 0.0052876485639612 2456080 0.00508708024509558 -17506.4563720249 5.83952527986042e-05
2456090 0.00507248095746301 2456090 0.00487175758995683 -13978.4414063387 4.66270615998576e-05
2456100 0.00474172032519095 2456100 0.00454084191083651 -10668.0434182818 3.55847625035377e-05
2456110 0.00431650038154531 2456110 0.00411546692180722 -7713.57962994698 2.57297321000216e-05
2456120 0.00378673434053725 2456120 0.00358554583703651 -5171.02524504844 1.72486835711139e-05
2456130 0.00317804506908626 2456130 0.0029767015230466 -3102.26858379028 1.03480541321366e-05
2456140 0.00250788022897363 2456140 0.00230638164134823 -1573.04430875709 5.24711101557163e-06
2456150 0.00179522400890523 2456150 0.00159357038035294 -614.816479334528 2.05080702642135e-06
2456160 0.00105936585902236 2456160 0.000857557189902923 -270.09247731627 9.00931528158289e-07
2456170 0.000321926721972098 2456170 0.000119963012310027 -577.957274654076 1.92785795383177e-06
2456180 -0.000396214312025512 2456180 -0.000598333062529437 -1483.0959517237 4.94707559228758e-06
2456190 -0.00107455116407465 2456190 -0.0012768249560376 -3018.22359356736 1.00677102209401e-05
2456200 -0.00169218587945681 2456200 -0.00189461471381998 -5137.96110326296 1.71383934657321e-05
2456210 -0.00223114017217255 2456210 -0.00243372405015591 -7757.87997358511 2.58775021404478e-05
2456220 -0.00267468367837292 2456220 -0.00287742260145582 -10863.8299776112 3.62378361686844e-05
2456230 -0.00300818564475541 2456230 -0.00321107961464407 -14327.5689528704 4.77916257415334e-05
2456240 -0.00322151286227699 2456240 -0.00342456188083473 -18050.5953972926 6.02103052148584e-05
2456250 -0.00330674770474799 2456250 -0.00350995177396093 -21962.562151162 7.32592217218553e-05
2456260 -0.003260318059868 2456260 -0.00346367718177761 -25884.4141554922 8.63411118751101e-05
2456270 -0.00308354350610516 2456270 -0.00328705768273246 -29724.683018159 9.91508699600407e-05
2456280 -0.00278051047776823 2456280 -0.00298417971107089 -33372.9760809934 0.000111320265705261
2456290 -0.00236061023542711 2456290 -0.00256443452721718 -36658.8223779816 0.000122280669175412
2456300 -0.00183693043984505 2456300 -0.00204090979173165 -39526.2143964719 0.000131845259417673
2456310 -0.00122494655888658 2456310 -0.00142908097223888 -41862.5228529329 0.000139638345581505
2456320 -0.000544490162002758 2456320 -0.000748779637882445 -43568.7646631794 0.000145329755637746
2456330 0.000183441497005432 2456330 -2.10030421377511e-05 -44645.9613930288 0.000148922897163173
2456340 0.000936709578531209 2456340 0.000732109975731684 -45018.4224307385 0.000150165293453575
2456350 0.00169132209727401 2456350 0.00148656743079729 -44691.975258263 0.000149076382896407
2456360 0.0024249571868448 2456360 0.00222004745701615 -43721.2935225241 0.000145838537147336
2456370 0.00311561634191229 2456370 0.00291055154939806 -42089.1837290235 0.000140394404882005
2456380 0.00374240043257252 2456380 0.00353718057836311 -39894.8397965548 0.00013307486139813
2456390 0.00428804720611948 2456390 0.00408267229147294 -37218.8833027626 0.000124148831331716
2456400 0.00473669561698325 2456400 0.00453116564340356 -34103.5210496331 0.00011375710141992
2456410 0.0050759194308144 2456410 0.0048702343999982 -30699.1158021626 0.000102401227859317
2456420 0.00529746682665143 2456420 0.00509162674042333 -27079.884984105 9.03287733279301e-05
2456430 0.00539506321752459 2456430 0.00518906807780647 -23335.3140603123 7.7838229206928e-05
2456440 0.00536706261294181 2456440 0.00516091242168107 -19618.9031509068 6.5441616783124e-05
2456450 0.00521528947692381 2456450 0.00500898423603957 -15980.5832705388 5.330548799376e-05
2456460 0.0049438252106746 2456460 0.00473736492202269 -12537.7149450802 4.18213154150804e-05
2456470 0.00456138013602075 2456470 0.00435476480132196 -9408.74398487083 3.1384191742645e-05
2456480 0.00407874767106886 2456480 0.00387197729187661 -6619.91270106182 2.20816519042044e-05
2456490 0.0035090806876188 2456490 0.00330215526528257 -4292.18622719003 1.43171921529461e-05
2456500 0.00286911734826749 2456500 0.00266203688387725 -2483.80685805456 8.28508787253934e-06
2456510 0.00217613451661235 2456510 0.00196889901099017 -1206.61655498995 4.02483959416333e-06
2456520 0.00144954844777931 2456520 0.00124215790144622 -554.466895438392 1.84950248294236e-06
2456530 0.000710471423837278 2456530 0.000502925836986952 -516.269424197459 1.72208943360896e-06
2456540 -2.08475835247062e-05 2456540 -0.000228548211012559 -1093.69259716866 3.64816581599481e-06
2456550 -0.000722844896855473 2456550 -0.00093070056543549 -2323.71503863472 7.75107904360528e-06
2456560 -0.00137472338275954 2456560 -0.00158273409320882 -4127.25348186076 1.37670357333031e-05
2456570 -0.00195771889281579 2456570 -0.00216588464620239 -6488.88039729272 2.16445751857197e-05
2456580 -0.0024533077925897 2456580 -0.00266162859026886 -9367.91778940856 3.12480102131474e-05
2456590 -0.00284628855424177 2456590 -0.00305476439780446 -12634.2996230687 4.21434872223125e-05
2456600 -0.00312436696016417 2456600 -0.00333299785139198 -16244.555168723 5.41860034675157e-05
2456610 -0.00327745831671248 2456610 -0.00348624425754334 -20079.5253056308 6.69780869058112e-05
2456620 -0.00330067370914805 2456620 -0.00350961470159572 -23991.7711815389 8.00279344637111e-05
2456630 -0.00319236178120902 2456630 -0.00340145782731286 -27910.7174769186 9.31001322151959e-05
2456640 -0.00295466388320398 2456640 -0.00316391498497015 -31669.2152773747 0.00010563713139633
2456650 -0.00259523275022824 2456650 -0.00280463890954423 -35148.1963865053 0.000117241763255116
2456660 -0.00212437423853638 2456660 -0.0023339354571299 -38271.1226055417 0.000127658723841351
2456670 -0.00155652282452103 2456670 -0.00176623910389597 -40880.0714816281 0.00013636124055405
2456680 -0.000909975157974188 2456680 -0.00111984649935075 -42926.1070699502 0.000143186080651669
2456690 -0.000204144888017343 2456690 -0.000414171292314714 -44356.1092942837 0.000147956054632581
2456700 0.000538588030078198 2456700 0.000328406562287834 -45079.3989479092 0.000150368689221358
2456710 0.00129501962512748 2456710 0.00108468309363172 -45132.3351945465 0.000150545265533486
2456720 0.00204271000990438 2456720 0.00183221841483876 -44501.3871165283 0.000148440649285875
2456730 0.00275834300437537 2456730 0.00254769634623695 -43192.0289201974 0.000144073100465381
2456740 0.00342089361864774 2456740 0.00321009189825957 -41305.5398647085 0.000137780450316427
2456750 0.00401146123121812 2456750 0.00380050444969631 -38863.6626511355 0.000129635224683122
2456760 0.00451241677235313 2456760 0.00430130493108714 -35958.5774541512 0.000119944903531066
2456770 0.00491044681635829 2456770 0.00469917991694399 -32714.7133068005 0.000109124537438499
2456780 0.00519477583469264 2456780 0.00498335387889299 -29176.7731631555 9.73232394096968e-05
2456790 0.00535753605715908 2456790 0.00514595904685903 -25488.7282279226 8.5021245690986e-05
2456800 0.00539568461386345 2456800 0.00518395255099513 -21757.9835106029 7.25768208305055e-05
2456810 0.00530839378815987 2456810 0.00509650667466823 -18045.0265269936 6.01917294630328e-05
2456820 0.00509866211941329 2456820 0.00488661995719681 -14503.376076367 4.83780551823187e-05
2456830 0.00477353104464316 2456830 0.00456133383549113 -11204.2561286414 3.73733755791861e-05
2456840 0.00434167590668074 2456840 0.00412932365224794 -8204.49187530614 2.73672390894708e-05
2456850 0.00381571987412881 2456850 0.00360321257587428 -5649.86045251846 1.88459058984014e-05
2456860 0.0032107269859383 2456860 0.00299806464508754 -3553.71413085551 1.18539143865171e-05
2456870 0.00254286114197586 2456870 0.00233004375950372 -1982.09058690909 6.61154253223106e-06
2456880 0.0018314790000793 2456880 0.00161850657666051 -1018.41868100074 3.39707905860909e-06
2456890 0.00109639002341453 2456890 0.000883262559416669 -635.418744268417 2.1195287850384e-06
2456900 0.0003579806396416 2456900 0.000144698135116149 -896.774881014375 2.9913190178199e-06
2456910 -0.000361825672149566 2456910 -0.00057526321749105 -1797.13635891273 5.99460163508425e-06
2456920 -0.00104269082679659 2456920 -0.0012562834135579 -3282.8901104217 1.09505426931777e-05
2456930 -0.001664458932697 2456930 -0.00187820656179444 -5375.28519137381 1.79300214129263e-05
2456940 -0.00220780810136738 2456940 -0.00242171077401686 -7988.68247287379 2.66473764088948e-05
2456950 -0.00265676619271971 2456950 -0.00287082391038478 -11048.4052082251 3.68535128666414e-05
2456960 -0.00299666353032333 2456960 -0.003210876294695 -14512.0396121837 4.84069536271781e-05
2456970 -0.00321620305406004 2456970 -0.00343057086700447 -18228.3631536084 6.08032746227671e-05
2456980 -0.00330849079223503 2456980 -0.0035230136557253 -22112.961775037 7.37609008664153e-05
2456990 -0.00326911553944764 2456990 -0.0034837934555252 -26061.7187413421 8.6932536312645e-05
2457000 -0.00309882562284262 2457000 -0.00331365859353732 -29899.3926479465 9.97336385558656e-05
2457010 -0.00280260173495672 2457010 -0.00301758976222121 -33550.6760568889 0.000111913009022024
2457020 -0.00238848064539592 2457020 -0.00260362373105821 -36881.4800075779 0.000123023375082965
2457030 -0.00186977150243796 2457030 -0.00208506964811971 -39753.3000855534 0.000132602735741782
2457040 -0.00126240242980107 2457040 -0.00147785563687697 -42124.1970399073 0.000140511196715654
2457050 -0.000584830807626315 2457050 -0.000800439077184868 -43878.4167026331 0.000146362643661413
2457060 0.000141019197369551 2457060 -7.47441354202219e-05 -44966.2048673154 0.000149991114410608
2457070 0.00089315200255565 2457070 0.000677233606127137 -45394.020208825 0.000151418152783633
2457080 0.00164846332628518 2457080 0.00143238986616865 -45103.1566598289 0.000150447936418163
2457090 0.00238334942341201 2457090 0.00216712089992415 -44146.6436264666 0.000147257352372976
2457100 0.0030765207643406 2457100 0.0028601371781282 -42572.2727634321 0.000142005816448632
2457110 0.00370716498473271 2457110 0.00349062633676529 -40391.508195711 0.000134731568849911
2457120 0.00425686127517592 2457120 0.00404016756670857 -37731.8013233232 0.000125859741686107
2457130 0.00471079215815668 2457130 0.00449394339067427 -34658.4119406494 0.000115608018199875
2457140 0.00505580242144379 2457140 0.00483879859663516 -31244.5557316304 0.000104220619624895
2457150 0.00528302051397361 2457150 0.00506586163366514 -27642.6389227719 9.22059184116364e-05
2457160 0.00538716126713332 2457160 0.00516984733323336 -23912.6005414312 7.97638496343733e-05
2457170 0.00536530650868462 2457170 0.00514783752314675 -20169.8699127592 6.72794440771396e-05
2457180 0.00521940202759293 2457180 0.00500177799234056 -16546.6387768689 5.51936459217695e-05
2457190 0.00495405901495901 2457190 0.00473627993184407 -13088.0578061313 4.36570616000331e-05
2457200 0.00457662156692362 2457200 0.00435868743768415 -9925.89720620765 3.31092292061852e-05
2457210 0.00411024739609855 2457210 0.00389215822211353 -7143.38730581209 2.38277752331317e-05
2457220 0.00354477161984066 2457220 0.00332652740264668 -4775.15805246335 1.59282127519811e-05
2457230 0.00290751078141575 2457230 0.00268911152212585 -2936.98408690711 9.79672439560542e-06
2457240 0.00221689085010331 2457240 0.00199833654954484 -1651.48249507332 5.5087526420472e-06
2457250 0.00149149845010035 2457250 0.00127278910881246 -944.859362089861 3.15171158205008e-06
2457260 0.000752153574223637 2457260 0.000533289192422665 -887.508997822285 2.96041135838809e-06
2457270 2.01789475023529e-05 2457270 -0.00019884047492598 -1440.54631197751 4.80514527145814e-06
2457280 -0.000684038270641596 2457280 -0.000903212734127673 -2617.150415884 8.72987410471815e-06
2457290 -0.00133918458566526 2457290 -0.00155851409096994 -4415.30738540688 1.47278801303496e-05
2457300 -0.00192588820216727 2457300 -0.00214537275035177 -6742.3069764378 2.24899152614366e-05
2457310 -0.00242669767108045 2457310 -0.00264633726347656 -9584.95078804298 3.19719543713237e-05
2457320 -0.00282524642157395 2457320 -0.00304504105976726 -12858.5013154551 4.28913435689404e-05
2457330 -0.00310930235975006 2457330 -0.0033292520455158 -16435.2709932917 5.48221629821377e-05
2457340 -0.00326934020639978 2457340 -0.00348944494166087 -20263.6303717191 6.75921953037228e-05
2457350 -0.00329905061414834 2457350 -0.00351931040092554 -24191.9033549909 8.06955035372869e-05
2457360 -0.00319745833926112 2457360 -0.0034178731795903 -28090.8730782963 9.37010666168803e-05
2457370 -0.00296653964775981 2457370 -0.0031871095436462 -31876.6780612434 0.000106329152754214
2457380 -0.00261278128926232 2457380 -0.00283350624261058 -35376.023161193 0.000118001711574722
2457390 -0.00214750500716435 2457390 -0.00236838501970358 -38500.5410226947 0.000128423981308745
2457400 -0.00158431490083153 2457400 -0.0018053499740799 -41162.5405909124 0.000137303456082649
2457410 -0.000941034481870387 2457410 -0.00116222461706972 -43228.1942051644 0.000144193734870957
2457420 -0.000238054722519435 2457420 -0.000459399920595384 -44681.8757834203 0.000149042694674528
2457430 0.000503446250871969 2457430 0.000281945989322129 -45465.5954642264 0.000151656902136699
2457440 0.00125986883851774 2457440 0.00103821351326265 -45532.5659184416 0.000151880291526352
2457450 0.0020081881347209 2457450 0.00178637774588619 -44940.9745994632 0.000149906955295931
2457460 0.00272624304606079 2457460 0.00250427759411573 -43679.0964957127 0.000145697783016652
2457470 0.00339190780355729 2457470 0.0031697872893142 -41798.4329403703 0.000139424564644552
2457480 0.00398630455097853 2457480 0.00376402897554242 -39401.0294462941 0.000131427687371288
2457490 0.00449250632588452 2457490 0.00427007569062289 -36517.0042337466 0.000121807614765768
2457500 0.00489581707236266 2457500 0.00467323137887084 -33271.8614574443 0.000110982983626107
2457510 0.00518609009194527 2457510 0.00496334934197594 -29771.3612425334 9.93065717568298e-05
2457520 0.00535543934042159 2457520 0.00513254353584969 -26074.8806471875 8.6976439704789e-05
2457530 0.00539965540315607 2457530 0.00517660454592182 -22339.5177574749 7.45166102793515e-05
2457540 0.00531891021302394 2457540 0.00509570430506489 -18645.3958323086 6.21943459041541e-05
2457550 0.00511544100628116 2457550 0.00489208004950016 -15071.3839146408 5.02727253887114e-05
2457560 0.00479572846925131 2457560 0.00457221246545075 -11758.3655092623 3.92216855210625e-05
2457570 0.00436942549474985 2457570 0.00414575444558243 -8761.55878206058 2.92254142766346e-05
2457580 0.00384790673082414 2457580 0.0036240806377662 -6160.49838582754 2.05492107003824e-05
2457590 0.00324644371030614 2457590 0.00302246257459723 -4058.33372937333 1.35371441845056e-05
2457600 0.00258175901618852 2457600 0.00235762283880891 -2455.95260034712 8.19217606984335e-06
2457610 0.00187192240250107 2457610 0.00164763118415084 -1446.14299565791 4.82381379873775e-06
2457620 0.00113762143141735 2457620 0.000913175172475833 -1057.90455127557 3.52878974452242e-06
2457630 0.000399150394668077 2457630 0.000174549095199925 -1269.14140837163 4.2334000556199e-06
2457640 -0.000322423587818784 2457640 -0.000547179928075561 -2135.2321056026 7.12236765343377e-06
2457650 -0.0010055270999647 2457650 -0.00123043848160659 -3611.31515188689 1.20460507111453e-05
2457660 -0.00163071012749946 2457660 -0.00185577655142453 -5651.54407255028 1.88515218503271e-05
2457670 -0.00217876275623292 2457670 -0.00240398422363711 -8252.05033746647 2.75258770434661e-05
2457680 -0.00263254794838588 2457680 -0.00285792446073081 -11297.9066474152 3.76857600847824e-05
2457690 -0.00297842710427201 2457690 -0.00320395866323078 -14723.8788749681 4.91135733473591e-05
2457700 -0.0032044196633102 2457700 -0.00343010627074169 -18452.4359962695 6.15507011729743e-05
2457710 -0.00330294350115843 2457710 -0.00352878515903906 -22323.657030346 7.44637045884122e-05
2457720 -0.00327053518044092 2457720 -0.00349653189080082 -26262.2116659139 8.76013087224292e-05
2457730 -0.00310669163482375 2457730 -0.00333284339970084 -30133.0399034733 0.000100513001909719
2457740 -0.00281642738886336 2457740 -0.00304273421021783 -33777.9062924643 0.000112670967501338
2457750 -0.00240828608115977 2457750 -0.00263474796081933 -37130.7937040556 0.000123854996058825
2457760 -0.0018826172172253 2457760 -0.00210923415701223 -40045.182099496 0.000133576349340636
2457770 -0.00127923785314476 2457770 -0.00150600985426398 -42420.7600380134 0.000141500424396979
2457780 -0.00060491883203439 2457780 -0.00083184589558583 -44223.6376995257 0.000147514176956132
2457790 0.000119439284947722 2457790 -0.000107642841811806 -45349.1390524322 0.000151268445360397
2457800 0.000870680538242534 2457800 0.00064344334785809 -45792.4294427612 0.000152747102939998
2457810 0.00162638449958943 2457810 0.00139899224551088 -45561.8794040769 0.000151978070789482
2457820 0.0023632375184224 2457820 0.00213569020094202 -44627.1419064741 0.000148860122113126
2457830 0.00305881305815797 2457830 0.00283111067791578 -43075.2780193371 0.00014368366137929
2457840 0.00369331695716282 2457840 0.00346545951510575 -40947.4926896442 0.000136586133496541
2457850 0.00424778044317934 2457850 0.00401976794054843 -38289.7202017247 0.000127720758744787
2457860 0.00470669748032543 2457860 0.00447852991860216 -35241.0869355622 0.000117551612774602
2457870 0.00505791313521869 2457870 0.00482959051607297 -31856.6469396648 0.000106262336124763
2457880 0.00529136908578941 2457880 0.00506289141104714 -28240.0734738605 9.41987455663762e-05
2457890 0.00540177676023595 2457890 0.00517314403180501 -24532.0248333899 8.18300266692829e-05
2457900 0.00538682983956594 2457900 0.00515804205938999 -20787.0800051122 6.93382353371685e-05
2457910 0.00524707554579639 2457910 0.00501813271581058 -17140.0683784389 5.71731140028842e-05
2457920 0.00498777997607473 2457920 0.00475868209813258 -13694.9685176526 4.56814978235798e-05
2457930 0.00461625015676091 2457930 0.00438699723260263 -10501.206654422 3.50282549617109e-05
2457940 0.00414295219454062 2457940 0.00391354422574415 -7693.56962384816 2.5662985904229e-05
2457950 0.00358191466703991 2457950 0.00335235165496567 -5324.4373251929 1.77604111881724e-05
2457960 0.00294816249814933 2457960 0.00271844444392477 -3435.81213952639 1.14606356759195e-05
2457970 0.00225966306268661 2457970 0.00202978996716059 -2130.96079699321 7.10812010151773e-06
2457980 0.00153604296215994 2457980 0.00130601482587703 -1404.44657200114 4.68472950043708e-06
2457990 0.000796966364680707 2457990 0.000566783187880548 -1292.31967619364 4.310714434963e-06
2458000 6.40987152501672e-05 2458000 -0.000166239502163506 -1835.04516086663 6.12105178732225e-06
2458010 -0.000641523315687123 2458010 -0.000872016574136759 -2975.71118987015 9.92590410620053e-06
2458020 -0.00129974297678451 2458020 -0.0015303912770051 -4730.09530294493 1.57778995992786e-05
2458030 -0.00189017512399913 2458030 -0.00212097846704172 -7056.18544752467 2.35369011435393e-05
2458040 -0.00239533895061677 2458040 -0.00262629733780346 -9857.11233797087 3.2879787582818e-05
2458050 -0.00279957162718955 2458050 -0.00303068506008531 -13110.4878659125 4.37318802259945e-05
2458060 -0.00308930137935891 2458060 -0.00332056985973913 -16694.0352664923 5.56853076887354e-05
2458070 -0.00325558579020103 2458070 -0.00348700931997975 -20489.7205919599 6.83463511012006e-05
2458080 -0.00329208730466055 2458080 -0.00352366588585007 -24428.3881226363 8.14843318127645e-05
2458090 -0.00319661859115558 2458090 -0.00342835222580214 -28338.9994830115 9.45287272137163e-05
2458100 -0.00297211765298324 2458100 -0.0032040063430875 -32113.9846603943 0.000107120722364518
2458110 -0.00262431625081547 2458110 -0.00285635999828923 -35652.373642566 0.00011892351755749
2458120 -0.00216387918998797 2458120 -0.00239607799657767 -38790.419050767 0.000129390910330263
2458130 -0.00160538474776692 2458130 -0.00183773861499296 -41468.4984550373 0.000138324021663805
2458140 -0.000965448901589526 2458140 -0.00119795783071467 -43589.7637574104 0.000145399801076418
2458150 -0.00026460977428771 2458150 -0.000497273766256273 -45056.2837869174 0.000150291585343743
2458160 0.000475331366002946 2458160 0.000242512310584677 -45878.4836462179 0.000153034148865139
2458170 0.00123200741372585 2458170 0.000999033294598398 -45998.8742658974 0.000153435728746376
2458180 0.00198148753721255 2458180 0.00174835835448749 -45417.5431717678 0.000151496616942137
2458190 0.00270156765381224 2458190 0.00246828340794542 -44205.0369548426 0.00014745213155043
2458200 0.00337095217040466 2458200 0.00313751286218213 -42357.8767379054 0.000141290668285943
2458210 0.00396944032135182 2458210 0.00373584595187285 -39967.3616925855 0.000133316768404446
2458220 0.0044806551541006 2458220 0.00424690572471836 -37129.5386420576 0.000123850809622628
2458230 0.00489003898126843 2458230 0.00465613449356184 -33888.9598668461 0.00011304140235191
2458240 0.00518620780373761 2458240 0.00495214825946209 -30392.457300985 0.000101378325204515
2458250 0.00536221140352442 2458250 0.00512799680454317 -26726.2862856813 8.91492950289008e-05
2458260 0.00541322582568565 2458260 0.00517885617393663 -22968.9195036234 7.66160685190531e-05
2458270 0.00533872245593827 2458270 0.00510419775336767 -19276.9355620014 6.43009356893209e-05
2458280 0.00514190598769986 2458280 0.00490722623620416 -15708.4639862519 5.23977957652688e-05
2458290 0.00482808246276892 2458290 0.00459324766416235 -12361.5306988028 4.12336280281034e-05
2458300 0.00440696469996557 2458300 0.00417197485591175 -9361.21572019966 3.12256545166312e-05
2458310 0.00389054869438307 2458310 0.0036554038063596 -6737.5369647041 2.24740042149563e-05
2458320 0.00329276866869949 2458320 0.00305746873796795 -4592.62280365327 1.531934070087e-05
2458330 0.00263110312405554 2458330 0.00239564815160648 -2988.13793699521 9.96735527281079e-06
2458340 0.00192363528067619 2458340 0.00168802526721978 -1933.12329379041 6.44820522399669e-06
2458350 0.00119002818590692 2458350 0.00095426313184847 -1510.27414310026 5.03773228044402e-06
2458360 0.000451730224952051 2458360 0.000215810130364282 -1712.03753397515 5.71074250965697e-06
2458370 -0.000270816966940132 2458370 -0.000506892102301436 -2522.65471409598 8.41467037204779e-06
2458380 -0.000956372559611009 2458380 -0.00119260273631941 -3979.11518108089 1.32728995506648e-05
2458390 -0.00158434195311893 2458390 -0.00182072717206731 -6002.08877108563 2.00208131022617e-05
2458400 -0.0021365463454327 2458400 -0.00237308660779582 -8554.13362475799 2.85335184274649e-05
2458410 -0.00259535534590263 2458410 -0.00283205065312859 -11599.7964458385 3.86927560593886e-05
2458420 -0.0029463768634875 2458420 -0.00318322721724758 -15004.0480462334 5.00481171085143e-05
2458430 -0.00317865580264233 2458430 -0.00341566120477765 -18707.4182874152 6.24012305453503e-05
2458440 -0.00328345991853771 2458440 -0.0035206203710248 -22598.0812043935 7.5379085101579e-05
2458450 -0.00325721005113887 2458450 -0.00349452555600973 -26518.5131257619 8.8456238367951e-05
2458460 -0.0031000120232332 2458460 -0.00333748258251822 -30396.7420166143 0.000101392617477436
2458470 -0.00281548236637805 2458470 -0.00305310798205153 -34075.2564472038 0.000113662820854565
2458480 -0.00241272438239419 2458480 -0.00265050505628929 -37422.4301205154 0.000124827790432658
2458490 -0.00190362290504878 2458490 -0.00214155863881437 -40375.2631128649 0.000134677381086301
2458500 -0.0013037011750051 2458500 -0.00154179197004937 -42787.6269488925 0.000142724160688834
2458510 -0.000632346968719525 2458510 -0.000870592826150042 -44601.1458833748 0.000148773408713887
2458520 9.02042054685909e-05 2458520 -0.000148196715141997 -45783.8817686245 0.000152718590968104
2458530 0.000841281044927283 2458530 0.000602725060694328 -46254.5254806697 0.000154288489407794
2458540 0.00159732391250607 2458540 0.00135861286457375 -46048.4494767096 0.000153601093849765
2458550 0.00233607123918208 2458550 0.00209720512781856 -45171.6345667175 0.000150676354128687
2458560 0.00303475230370888 2458560 0.0027957311295354 -43630.1355845007 0.000145534466996167
2458570 0.00367277870383404 2458570 0.00343360246779107 -41534.0130081584 0.000138542554690146
2458580 0.00423225523622166 2458580 0.00399292393952712 -38917.2387618781 0.000129813935352163
2458590 0.00469662494250025 2458590 0.00445713858662879 -35862.6469283728 0.000119624913740735
2458600 0.0050535894140108 2458600 0.00481394800062777 -32509.1210037261 0.000108438755332951
2458610 0.0052938088468541 2458610 0.00505401237776964 -28904.9556906038 9.64165539167894e-05
2458620 0.00541061127246065 2458620 0.00517065974958838 -25181.28219151 8.39957161014038e-05
2458630 0.00540223207358848 2458630 0.00516212549886936 -21458.9884979691 7.15794808219261e-05
2458640 0.00526931123189111 2458640 0.00502904960725618 -17793.2407345534 5.93518624626421e-05
2458650 0.00501588891663561 2458650 0.00477547224395327 -14330.3547700235 4.78009182273142e-05
2458660 0.00465025624968705 2458660 0.00440968453069715 -11144.3591250863 3.71735806812268e-05
2458670 0.00418227839443502 2458670 0.00394155163072443 -8292.81385778748 2.76618495111958e-05
2458680 0.00362534475497339 2458680 0.0033844629479214 -5909.44970549175 1.97118024413134e-05
2458690 0.00299550737233105 2458690 0.00275447052306804 -4009.16088619085 1.33731212350607e-05
2458700 0.00230961701092866 2458700 0.00206842512032374 -2650.57016133977 8.84135037626521e-06
2458710 0.00158745930560373 2458710 0.00134611237421924 -1913.09959200259 6.38141334430298e-06
2458720 0.000849378512016954 2458720 0.000607876540099779 -1769.1559538792 5.90126905020139e-06
2458730 0.000115795692804771 2458730 -0.000125861319714831 -2262.99532185687 7.54853986972837e-06
2458740 -0.00059136683063157 2458740 -0.000833178884163249 -3396.95319893151 1.13310162023206e-05
2458750 -0.00125185914415104 2458750 -0.00149382623941842 -5106.21393505653 1.70324963113533e-05
2458760 -0.00184619536060293 2458760 -0.00208831749863178 -7401.75305564439 2.46895906088618e-05
2458770 -0.00235559565802642 2458770 -0.0025978728401337 -10199.9742680759 3.40234518777516e-05
2458780 -0.00276490749863174 2458780 -0.00300733972636933 -13409.1856278692 4.47282287130424e-05
2458790 -0.00306074343389774 2458790 -0.0033033307090251 -16989.406746112 5.66705608922025e-05
2458800 -0.00323289250911028 2458800 -0.00347563483354521 -20786.6860426356 6.93369212197981e-05
2458810 -0.00327592982614491 2458810 -0.00351882720188931 -24699.2584943789 8.23878581174275e-05
2458820 -0.00318704431156463 2458820 -0.00343009674066399 -28635.465335033 9.55176308505834e-05
2458830 -0.00296837025270683 2458830 -0.00321157773717355 -32416.1822029306 0.00010812874486299
2458840 -0.00262661454348571 2458840 -0.00286997708522819 -35957.9523440884 0.000119942818388341
2458850 -0.00217124539007281 2458850 -0.00241476299085265 -39143.0797591149 0.000130567259831182
2458860 -0.00161678587866884 2458860 -0.00186045854002245 -41829.592215924 0.000139528500800123
2458870 -0.0009805289448131 2458870 -0.00122435666800878 -43983.3750689101 0.00014671274708622
2458880 -0.00028169427822743 2458880 -0.000525677064235451 -45503.1344955911 0.000151782118867017
2458890 0.000457199631151096 2458890 0.000213061781709607 -46334.7075401411 0.000154555947968982
2458900 0.00121366921911102 2458900 0.000969376305963547 -46505.7109994057 0.000155126354110635
2458910 0.00196475463685599 2458910 0.00172030666008602 -45966.2146736179 0.000153326788072894
2458920 0.00268702485578208 2458920 0.0024424218158364 -44763.5490317432 0.000149315127306315
2458930 0.0033596920971377 2458930 0.00311493399478541 -42969.4075846562 0.000143330515621765
2458940 0.00396285374658518 2458940 0.00371794058290397 -40596.7945090203 0.000135416330283467
2458950 0.00447885442316683 2458950 0.00423378619950815 -37769.7693473064 0.000125986389381771
2458960 0.00489408876780964 2458960 0.0046488654857359 -34569.9554764831 0.000115312959195535
2458970 0.00519669775760468 2458970 0.00495131941886216 -31064.4811220849 0.000103619955382883
2458980 0.00537887658285174 2458980 0.00513334318930773 -27409.5385725486 9.14283793375104e-05
2458990 0.00543683195136474 2458990 0.00519114350494535 -23669.8993350489 7.89542855512693e-05
2459000 0.00536893305492517 2459000 0.0051230895575818 -19948.6449088349 6.65415168944472e-05
2459010 0.00517825821200874 2459010 0.00493225966564504 -16389.1443946743 5.4668301210814e-05
2459020 0.00487081872432214 2459020 0.00462466513074858 -13031.6315546883 4.34688438849529e-05
2459030 0.00445496006445417 2459030 0.00420865142535181 -9993.94086608806 3.3336198424605e-05
2459040 0.00394329707534961 2459040 0.00369683339220391 -7372.78977004561 2.45929794873145e-05
2459050 0.00334986378858709 2459050 0.00310324506266592 -5190.01933656042 1.73120410406069e-05
2459060 0.00269097558055122 2459060 0.00244420181286947 -3552.11758807189 1.18485888930264e-05
2459070 0.00198581212077335 2459070 0.00173888331204853 -2490.05112834579 8.30591651623802e-06
2459080 0.00125347741719646 2459080 0.00100639356784986 -2012.37757397716 6.71256904660744e-06
2459090 0.00051488090537891 2459090 0.000267642015507621 -2191.66718416891 7.31061481262785e-06
2459100 -0.000208384909931785 2459100 -0.000455778840565466 -2984.22665928067 9.9543086546916e-06
2459110 -0.000896103018386684 2459110 -0.00114365199033393 -4384.43323639532 1.46248950545491e-05
2459120 -0.00152738137551841 2459120 -0.00177508538965434 -6399.83182330229 2.13475411156017e-05
2459130 -0.00208324330290836 2459130 -0.00233110236040231 -8925.54519047383 2.97724140561062e-05
2459140 -0.00254716644861263 2459140 -0.00279518055089013 -11931.7369100001 3.97999902652657e-05
2459150 -0.00290371184448611 2459150 -0.00315188099321208 -15343.7736677835 5.11813198041944e-05
2459160 -0.00314173389223786 2459160 -0.00339005808925002 -19019.9747641179 6.34438067288468e-05
2459170 -0.00325325862642053 2459170 -0.00350173787368025 -22901.8663253617 7.63924031916829e-05
2459180 -0.00323327716273962 2459180 -0.00348191146228593 -26843.3952930758 8.95399286298115e-05
2459190 -0.00308235619938145 2459190 -0.00333114555324459 -30703.9572026303 0.000102417377032982
2459200 -0.00280421238161828 2459200 -0.00305315679177087 -34408.1037107347 0.000114773079817554
2459210 -0.00240665507748386 2459210 -0.00265575454577742 -37783.9480652655 0.000126033684494042
2459220 -0.00190251670714502 2459220 -0.00215177123523212 -40737.2666909493 0.000135884895046123
2459230 -0.00130670902715823 2459230 -0.00155611861646022 -43201.3054420086 0.000144104043611426
2459240 -0.000637929025913993 2459240 -0.000887493677562316 -45042.003585981 0.000150243951720697
2459250 8.24855460908884e-05 2459250 -0.000167234168704377 -46245.745705936 0.000154259203231644
2459260 0.000832962298196535 2459260 0.000583087519788208 -46776.9602461468 0.000156031144206259
2459270 0.00158979224188413 2459270 0.00133976239976423 -46587.6469898186 0.000155399663155698
2459280 0.00232986352943853 2459280 0.00207967862386691 -45746.9877047137 0.000152595525617638
2459290 0.00303159056086761 2459290 0.00278125059243881 -44255.9766131669 0.000147622047960816
2459300 0.00367346764263275 2459300 0.00342297261227473 -42162.4047850784 0.000140638644035129
2459310 0.00423733615507752 2459310 0.00398668606399984 -39586.4926898541 0.000132046326161595
2459320 0.00470748563763157 2459320 0.00445668048728736 -36557.9983983052 0.000121944356579862
2459330 0.00507026633339591 2459330 0.00481930612544994 -33196.108375654 0.000110730298544248
2459340 0.00531677301273541 2459340 0.00506565774899053 -29625.9909085862 9.88216685177123e-05
2459350 0.00544053445795115 2459350 0.00518926414031056 -25897.7865661718 8.63857174357996e-05
2459360 0.00543847366805964 2459360 0.00518704829847423 -22163.3030970983 7.39288214418599e-05
2459370 0.00531218393871356 2459370 0.00506060351910952 -18515.1504588441 6.17598941026198e-05
2459380 0.00506517092516116 2459380 0.00481343545741034 -15019.8197847006 5.01007259652297e-05
2459390 0.0047049112962067 2459390 0.00445302078206501 -11823.3004112615 3.94382850393837e-05
2459400 0.0042423472685764 2459400 0.00399030170963008 -8963.95627677281 2.99005396485752e-05
2459410 0.00368976184888009 2459410 0.00343756124652494 -6534.13267039856 2.17955205210618e-05
2459420 0.00306317832599937 2459420 0.00281082268138275 -4626.4967536256 1.54323320356031e-05
2459430 0.00238021414997291 2459430 0.00212770346396901 -3243.23207305043 1.0818257719647e-05
2459440 0.0016593469862985 2459440 0.00140668125949502 -2451.76153365608 8.17819617615623e-06
2459450 0.000921681211410764 2459450 0.000668860444068164 -2301.53529715595 7.67709538962436e-06
2459460 0.000187802478518868 2459460 -6.51733294215688e-05 -2750.66394472144 9.17522729915188e-06
2459470 -0.0005214163227383 2459470 -0.000774547171658931 -3847.44283933268 1.28336878952862e-05
2459480 -0.00118446349288564 2459480 -0.00143774938350237 -5549.87595163795 1.8512393502701e-05
2459490 -0.00178233443585058 2459490 -0.00203577536917397 -7794.94857185857 2.60011496748813e-05
2459500 -0.00229664483856642 2459500 -0.0025502408158921 -10579.7454436626 3.52902321634208e-05
2459510 -0.00271093743044058 2459510 -0.00296468845331934 -13781.7429114405 4.59709460450819e-05
2459520 -0.00301274902239894 2459520 -0.00326665509257482 -17321.5876660983 5.77785971723754e-05
2459530 -0.0031914292893245 2459530 -0.00344549040870668 -21131.9309750649 7.04885343548733e-05
2459540 -0.00324065716104214 2459540 -0.00349487333163781 -25039.3088801684 8.35221441100042e-05
2459550 -0.00315863167827652 2459550 -0.00341300290212079 -28960.8131492161 9.66028743432101e-05
2459560 -0.00294634007393922 2459560 -0.00320086635305188 -32776.9533393504 0.000109332147839925
2459570 -0.00261029946295674 2459570 -0.00286498079925655 -36318.4869908963 0.000121145432520842
2459580 -0.00216069671280715 2459580 -0.0024155331080549 -39522.609549431 0.000131833234942258
2459590 -0.00161061583843967 2459590 -0.00186560729419331 -42256.4845683981 0.000140952460413124
2459600 -0.000977926661843488 2459600 -0.00123307317938387 -44416.3981157167 0.0001481571564943
2459610 -0.00028200635838231 2459610 -0.000537307938689848 -45983.7650853923 0.000153385329945133
2459620 0.000455812214722533 2459620 0.0002003555709982 -46859.8218048116 0.000156307540614686
2459630 0.00121190243472925 2459630 0.000956290727304814 -47042.6662672743 0.00015691744409152
2459640 0.00196378407389285 2459640 0.00170801730283357 -46562.861008821 0.000155316986022447
2459650 0.00268852235906137 2459650 0.00243260052478811 -45387.6891558458 0.000151397034664047
2459660 0.00336403349072155 2459660 0.00310795659399758 -43609.8417830393 0.000145466774160941
2459670 0.00397138059438718 2459670 0.0037151486362694 -41289.3433687009 0.000137726424621065
2459680 0.0044925578458391 2459680 0.00423617082766359 -38465.4479573649 0.0001283069234429
2459690 0.0049129896275425 2459690 0.00465644755087134 -35284.8111178024 0.000117697460947475
2459700 0.00522192093651329 2459700 0.00496522380307532 -31809.0235779837 0.000106103481689268
2459710 0.00541049670531733 2459710 0.00515364451697869 -28134.9637394726 9.38481372319e-05
2459720 0.00547463585244843 2459720 0.00521762861113852 -24414.0040096153 8.14363515763139e-05
2459730 0.00541352336348559 2459730 0.00515636107114647 -20693.2401164881 6.90252191617446e-05
2459740 0.00522885415466733 2459740 0.00497153681321478 -17102.0272927191 5.70462225994994e-05
2459750 0.00492712518064782 2459750 0.00466965279189686 -13756.9408421255 4.58882152469808e-05
2459760 0.00451687382526673 2459760 0.00425924639090003 -10691.348288251 3.56624991821874e-05
2459770 0.00400945937989414 2459770 0.00375167690141822 -8037.81042044116 2.68112496026873e-05
2459780 0.00341996588490061 2459780 0.00316202836358814 -5854.70752127963 1.95292021698545e-05
2459790 0.00276417832403133 2459790 0.0025060857609102 -4167.7955614056 1.39022695541113e-05
2459800 0.00206057767497567 2459800 0.00180233007078723 -3082.31543431836 1.0281497589637e-05
2459810 0.00132946038423348 2459810 0.00107105773940439 -2588.69365213807 8.63495255820634e-06
2459820 0.00059066437478747 2459820 0.000332106689436788 -2710.45165181876 9.04109352817262e-06
2459830 -0.000134100041084065 2459830 -0.000392812767173904 -3492.17639950761 1.1648646609741e-05
2459840 -0.000823739387211114 2459840 -0.00108260715458473 -4862.62916578522 1.62199849796929e-05
2459850 -0.00145858143450337 2459850 -0.00171760424401041 -6829.20237582707 2.27797671141783e-05
2459860 -0.00201873007067999 2459860 -0.00227790792347858 -9355.81839489242 3.12076509773052e-05
2459870 -0.00248740958209943 2459870 -0.00274674247960783 -12326.2737673851 4.11160235638253e-05
2459880 -0.0028500925444909 2459880 -0.0031095804883526 -15714.4631758556 5.24178069077896e-05
2459890 -0.00309422018008064 2459890 -0.00335386317213386 -19400.8487140976 6.47142654739419e-05
2459900 -0.00321223922789712 2459900 -0.00347203727009721 -23252.7179123539 7.7562718113322e-05
2459910 -0.00319939080454919 2459910 -0.00345934389892527 -27204.6831320511 9.07450551409505e-05
2459920 -0.00305483725670206 2459920 -0.00331494540529624 -31082.163243815 0.000103678936592244
2459930 -0.00278320111678877 2459930 -0.00304346432157149 -34773.6902018022 0.00011599254508865
2459940 -0.0023917666807015 2459940 -0.00265218494353026 -38191.7806765932 0.000127394067653941
2459950 -0.00189248500882138 2459950 -0.00215305833136838 -41165.1488553752 0.000137312156316405
2459960 -0.00130132681671012 2459960 -0.00156205520039991 -43640.7039961016 0.0001455697194227
2459970 -0.000635868065186722 2459970 -0.000896751511171356 -45541.2335313056 0.000151909203570777
2459980 8.25858848205339e-05 2459980 -0.000178452624280643 -46762.5256636645 0.000155982995621806
2459990 0.000831621857575495 2459990 0.000570428284883595 -47327.726406615 0.000157868302366082
2460000 0.00158884033504985 2460000 0.00132749169864035 -47195.5743819499 0.000157427490660722
