2442000 0.504803041275593
2442010 0.504220499206583
2442020 0.503523559828431
2442030 0.502734038406187
2442040 0.501875297345232
2442050 0.500985378264366
2442060 0.50006978411642
2442070 0.499167529252346
2442080 0.498307032422858
2442090 0.497514910935919
2442100 0.496814265481846
2442110 0.49622676056959
2442120 0.495769060294432
2442130 0.495453463493089
2442140 0.495289087512466
2442150 0.495278722282662
2442160 0.495421501345079
2442170 0.49571262402984
2442180 0.496141607124098
2442190 0.496695854144749
2442200 0.497358923259256
2442210 0.498110741348809
2442220 0.498930680446024
2442230 0.499795025815829
2442240 0.500679158904636
2442250 0.501559084195636
2442260 0.502409138221639
2442270 0.503205521599473
2442280 0.503925903758818
2442290 0.504548368713261
2442300 0.505055172028737
2442310 0.505430755851066
2442320 0.505662457959632
2442330 0.505743197715083
2442340 0.505668692742517
2442350 0.505439716535502
2442360 0.505062687033075
2442370 0.504547005496451
2442380 0.503907936721575
2442390 0.50316476535573
2442400 0.502339066102884
2442410 0.501456994780225
2442420 0.500557180491223
2442430 0.499644208297466
2442440 0.498758869791418
2442450 0.49792772419345
2442460 0.497176123755052
2442470 0.496527315917013
2442480 0.495999385980203
2442490 0.49560792423086
2442500 0.495363764833549
2442510 0.495272069345244
2442520 0.495335133317156
2442530 0.495549477925416
2442540 0.495907276607112
2442550 0.496398094172152
2442560 0.497006253140658
2442570 0.497714011155137
2442580 0.498501515648346
2442590 0.499345369841793
2442600 0.500222436272822
2442610 0.501108115590381
2442620 0.501976742122461
2442630 0.502804733667406
2442640 0.50356802069451
2442650 0.50424432107583
2442660 0.504814627647709
2442670 0.505260903464185
2442680 0.505569580133644
2442690 0.505730958510764
2442700 0.505738076434666
2442710 0.505590198206596
2442720 0.505290368604205
2442730 0.50484579973844
2442740 0.504269954403118
2442750 0.503579038124093
2442760 0.502793639002651
2442770 0.501938470001259
2442780 0.501050516223139
2442790 0.500134981888144
2442800 0.499232174669239
2442810 0.498369098570551
2442820 0.497573097410498
2442830 0.496868034074116
2442840 0.496274323004083
2442850 0.495810107853649
2442860 0.495487620582202
2442870 0.495315344798356
2442880 0.495297777796183
2442890 0.495433180381355
2442900 0.495716968212305
2442910 0.496139993058914
2442920 0.496688337426118
2442930 0.497346572476823
2442940 0.498095118080578
2442950 0.498912118730365
2442960 0.499775341731574
2442970 0.500659649461498
2442980 0.501540396418115
2442990 0.502393362066392
2443000 0.503193411373548
2443010 0.503918367380941
2443020 0.504547188506743
2443030 0.50506046346232
2443040 0.50544349313119
2443050 0.505683563181943
2443060 0.505772183765668
2443070 0.505706286778211
2443080 0.505485640741554
2443090 0.505115995733133
2443100 0.5046078669896
2443110 0.503974909797238
2443120 0.503236703078376
2443130 0.502415422298125
2443140 0.50153560868669
2443150 0.500637033940785
2443160 0.499724133398896
2443170 0.498836683728656
2443180 0.498002825686479
2443190 0.497247044398884
2443200 0.496592537817053
2443210 0.496058847843679
2443220 0.495660292198986
2443230 0.49540862261333
2443240 0.495309811115111
2443250 0.495364960811921
2443260 0.495572142635365
2443270 0.495923404502505
2443280 0.496407668669445
2443290 0.497010906261645
2443300 0.497714375820204
2443310 0.498498398800826
2443320 0.499340765431906
2443330 0.500216864104856
2443340 0.501103040634356
2443350 0.501973938628624
2443360 0.502804604695403
2443370 0.503572343774052
2443380 0.504254174841815
2443390 0.504830333048885
2443400 0.5052840718649
2443410 0.505600334000549
2443420 0.505769515540841
2443430 0.505785366252365
2443440 0.505645384293139
2443450 0.505353469785326
2443460 0.504916675334302
2443470 0.504347053632671
2443480 0.503662084419527
2443490 0.502881359071867
2443500 0.502029056772281
2443510 0.501143403720508
2443520 0.500228126967076
2443530 0.499324071307404
2443540 0.498459011939413
2443550 0.497658880895431
2443560 0.496948938102289
2443570 0.496349607819956
2443580 0.495878217142697
2443590 0.495548735136562
2443600 0.495368870711397
2443610 0.495343211541695
2443620 0.495471478268292
2443630 0.495747813020587
2443640 0.49616404271673
2443650 0.496706935481679
2443660 0.497359792726395
2443670 0.498104555280032
2443680 0.498919057232502
2443690 0.499780317376202
2443700 0.500664736083362
2443710 0.501546483983739
2443720 0.502401418501766
2443730 0.503205421023725
2443740 0.503934688950178
2443750 0.504569043159251
2443760 0.505089192327792
2443770 0.505478959835292
2443780 0.505726915262982
2443790 0.505823708684013
2443800 0.505765467490555
2443810 0.505553147683428
2443820 0.505190920627507
2443830 0.504689435542408
2443840 0.504062988556333
2443850 0.503329414973825
2443860 0.502511895378345
2443870 0.501634845006407
2443880 0.500736778798623
2443890 0.499823641073743
2443900 0.49893436509607
2443910 0.498096801808794
2443920 0.497336903791917
2443930 0.496676591953189
2443940 0.496136183789142
2443950 0.495730887770854
2443960 0.495471195076837
2443970 0.495364613234496
2443980 0.495412241308172
2443990 0.495611396353459
2444000 0.495955861039422
2444010 0.496433680162262
2444020 0.497030911080394
2444030 0.49773014384582
2444040 0.498510295276239
2444050 0.499350093951758
2444060 0.500225414682363
2444070 0.50111121148467
2444080 0.501983583373651
2444090 0.502817060700561
2444100 0.503588096121461
2444110 0.504275133255726
2444120 0.504857055017733
2444130 0.505317108282265
2444140 0.505641086018577
2444150 0.505817646812661
2444160 0.505841343351598
2444170 0.505709615661183
2444180 0.505424847515697
2444190 0.504995356507853
2444200 0.504432228993247
2444210 0.503752207441383
2444220 0.50297611744778
2444230 0.502126602910103
2444240 0.501242222367069
2444250 0.500327464911639
2444260 0.499421625173043
2444270 0.498553764526342
2444280 0.497749845973733
2444290 0.497034123339216
2444300 0.496428770654708
2444310 0.495950396710244
2444320 0.495612874521458
2444330 0.495425471239954
2444340 0.495391551385136
2444350 0.495511702499581
2444360 0.495780884933885
2444370 0.496189658708233
2444380 0.496726331256155
2444390 0.497374032139685
2444400 0.498113908422292
2444410 0.498925459592555
2444420 0.499784645402204
2444430 0.500667892966612
2444440 0.501550560170239
2444450 0.5024069491466
2444460 0.503213799875902
2444470 0.503947588985666
2444480 0.504586634529973
2444490 0.505112995831181
2444500 0.505509759238991
2444510 0.505764568266514
2444520 0.505869371856722
2444530 0.505818786337036
2444540 0.505613740968039
2444550 0.505259143529575
2444560 0.504763873764728
2444570 0.504143097762328
2444580 0.50341454678676
2444590 0.502599999896372
2444600 0.501725302112969
2444610 0.500816500173551
2444620 0.499902175027218
2444630 0.499011135110574
2444640 0.498169875606059
2444650 0.497404938513957
2444660 0.49673917486574
2444670 0.496191564393776
2444680 0.495778793909151
2444690 0.495511434649877
2444700 0.495396149080674
2444710 0.495435855405024
2444720 0.495627092142037
2444730 0.495963622015831
2444740 0.496434988713263
2444750 0.497025924723513
2444760 0.497719887680764
2444770 0.498496454246776
2444780 0.499332992412361
2444790 0.500218431169731
2444800 0.501104193307368
2444810 0.501977074670728
2444820 0.502813151223643
2444830 0.503587614179003
2444840 0.504278841697778
2444850 0.504866728447988
2444860 0.505332824418221
2444870 0.50566368260881
2444880 0.505848036366524
2444890 0.50587888290307
2444900 0.505754936693227
2444910 0.505477675200628
2444920 0.505054536131523
2444930 0.504497888080224
2444940 0.503822909126786
2444950 0.503050541165852
2444960 0.502204224989337
2444970 0.501309284093154
2444980 0.500394441699325
2444990 0.499487442364177
2445000 0.498616180737662
2445010 0.497808285540797
2445020 0.497087270184317
2445030 0.496475059475953
2445040 0.495989877748592
2445050 0.495644377642353
2445060 0.495448592187565
2445070 0.495406840231203
2445080 0.49551845546054
2445090 0.495779920444857
2445100 0.496181755128244
2445110 0.496711449595653
2445120 0.497353883507547
2445130 0.49808923159357
2445140 0.498896951017036
2445150 0.499754358431235
2445160 0.50064795091205
2445170 0.501530736642292
2445180 0.50238906846259
2445190 0.503198206814894
2445200 0.503935997039479
2445210 0.504580175804328
2445220 0.505111859688226
2445230 0.505515535738945
2445240 0.505777413379065
2445250 0.505889340110208
2445260 0.50584678725994
2445270 0.505648902157544
2445280 0.505301343826144
2445290 0.504812944440711
2445300 0.504197367002067
2445310 0.503473668859672
2445320 0.502662698182623
2445330 0.501789612731282
2445340 0.50088187949
2445350 0.49996662532641
2445360 0.499073046525
2445370 0.49822862283305
2445380 0.497458449296005
2445390 0.496786712125129
2445400 0.496232562162363
2445410 0.495811752461058
2445420 0.495536651841558
2445430 0.495413224070748
2445440 0.49544429531961
2445450 0.495628001317641
2445460 0.495956831059937
2445470 0.496421133965302
2445480 0.497006458436978
2445490 0.497694927811486
2445500 0.498467577602064
2445510 0.499301538216609
2445520 0.500184864112762
2445530 0.501070599051869
2445540 0.501944371826268
2445550 0.502782173224083
2445560 0.503560385503819
2445570 0.504255731200983
2445580 0.504848833535021
2445590 0.505321527656474
2445600 0.505658800693896
2445610 0.505850637481239
2445620 0.505889263551117
2445630 0.50577243760855
2445640 0.50550291736776
2445650 0.505086582946844
2445660 0.504535771740397
2445670 0.503866471480668
2445680 0.503097868413088
2445690 0.502254310646031
2445700 0.501361151606706
2445710 0.500445814360805
2445720 0.499537578709506
2445730 0.498663578371455
2445740 0.497851055344451
2445750 0.497125126102982
2445760 0.496506439838121
2445770 0.496013863950641
2445780 0.495661114955627
2445790 0.495456908799077
2445800 0.495407013395593
2445810 0.495510889344714
2445820 0.495764160331814
2445830 0.496159110223521
2445840 0.496682400477579
2445850 0.49731884667823
2445860 0.498050091416988
2445870 0.498854167236661
2445880 0.499709169395005
2445890 0.500590667024701
2445900 0.501473366027746
2445910 0.502333405060094
2445920 0.503145629103704
2445930 0.503886938946593
2445940 0.504536523137263
2445950 0.505074160559975
2445960 0.505484209311705
2445970 0.505753860036124
2445980 0.50587317497022
2445990 0.505838312314545
2446000 0.505648515944822
2446010 0.505307846608885
2446020 0.504826367151775
2446030 0.50421687912148
2446040 0.503497595836743
2446050 0.502690697439839
2446060 0.50181984287315
2446070 0.50091270534211
2446080 0.499997366213333
2446090 0.499101458942046
2446100 0.498253634810769
2446110 0.497479202700729
2446120 0.496801296988728
2446130 0.496240775011182
2446140 0.495812762767571
2446150 0.495529456558634
2446160 0.495398448008837
2446170 0.495421332909152
2446180 0.495597014161152
2446190 0.495918948334413
2446200 0.496376147942143
2446210 0.496955618424716
2446220 0.497639450208153
2446230 0.498407776888537
2446240 0.499239388997629
2446250 0.500121335345338
2446260 0.501006544250383
2446270 0.501881932269791
2446280 0.502721905234744
2446290 0.503503547762194
2446300 0.50420402539296
2446310 0.50480239421746
2446320 0.505281725885906
2446330 0.505626410873458
2446340 0.505825440605744
2446350 0.505872332037013
2446360 0.505763384094938
2446370 0.505501248570092
2446380 0.505092648974412
2446390 0.504548111084821
2446400 0.503884403698982
2446410 0.503120774001619
2446420 0.502280080551563
2446430 0.501389063182751
2446440 0.500474389216449
2446450 0.499564733048395
2446460 0.498688741220036
2446470 0.497872359180493
2446480 0.497141191606661
2446490 0.496516985176168
2446500 0.49601724871694
2446510 0.495657069708829
2446520 0.495445433790154
2446530 0.495387196479296
2446540 0.49548356411042
2446550 0.495729499875721
2446560 0.496117177002262
2446570 0.496634774960485
2446580 0.497265788879993
2446590 0.497992621153237
2446600 0.498794083715776
2446610 0.499646827038359
2446620 0.500527798519847
2446630 0.501411473833042
2446640 0.502272994172041
2446650 0.503088712406636
2446660 0.503834359474522
2446670 0.50448893737022
2446680 0.50503331040859
2446690 0.505450135794254
2446700 0.505727248984681
2446710 0.505854955366657
2446720 0.505827788074027
2446730 0.505646169459694
2446740 0.505313430629305
2446750 0.504838661898305
2446760 0.504235914574175
2446770 0.503521935362591
2446780 0.502718927029911
2446790 0.501851424166516
2446800 0.50094543291507
2446810 0.500030039895027
2446820 0.499133077672448
2446830 0.498281963581916
2446840 0.497503627112775
2446850 0.496820640194985
2446860 0.496253520625629
2446870 0.495819034909966
2446880 0.495528232835894
2446890 0.495389369397539
2446900 0.495405109956802
2446910 0.495573049576887
2446920 0.495888058975335
2446930 0.496339286978352
2446940 0.496912796266081
2446950 0.497592345524839
2446960 0.498357254338341
2446970 0.499186140292883
2446980 0.500055834167627
2446990 0.500940972234397
2447000 0.501817581222038
2447010 0.502660646929473
2447020 0.503445722193749
2447030 0.504151243988924
2447040 0.504755846410926
2447050 0.505241537032733
2447060 0.505594056545053
2447070 0.505801080802883
2447080 0.505855896805984
2447090 0.50575570761328
2447100 0.505501395053923
2447110 0.505100331541333
2447120 0.504563161922862
2447130 0.503905065355811
2447140 0.503146546552583
2447150 0.502309755375389
2447160 0.501420616508883
2447170 0.500518772088877
2447180 0.49960846740212
2447190 0.49873019099536
2447200 0.497910937174887
2447210 0.49717490990894
2447220 0.496545098016191
2447230 0.496039330714515
2447240 0.495671687059221
2447250 0.495452889928277
2447260 0.495387264458009
2447270 0.495475791468835
2447280 0.495715031997717
2447290 0.496095975093308
2447300 0.496607476914355
2447310 0.497233946238941
2447320 0.49795640971441
2447330 0.49875503960612
2447340 0.499606435297454
2447350 0.500486522685986
2447360 0.501371333811145
2447370 0.502235035713425
2447380 0.503053716150752
2447390 0.503804289040435
2447400 0.504464199581344
2447410 0.505014888770183
2447420 0.505439378286669
2447430 0.505723898360708
2447440 0.505859910328976
2447450 0.505841335008893
2447460 0.50566750747249
2447470 0.505343018960588
2447480 0.504875565827993
2447490 0.504279027474358
2447500 0.503571033899673
2447510 0.502772097591801
2447520 0.50190755942172
2447530 0.501003623424817
2447540 0.500087997859972
2447550 0.499189991749665
2447560 0.498336479442603
2447570 0.49755382845488
2447580 0.496866203975271
2447590 0.496293034748826
2447600 0.495851555015627
2447610 0.495553945774631
2447620 0.495407211957161
2447630 0.49541535201907
2447640 0.495576238690467
2447650 0.495883800650319
2447660 0.496328901144369
2447670 0.496896956521074
2447680 0.497571483395072
2447690 0.498333281113511
2447700 0.499159659526137
2447710 0.50002804912306
2447720 0.500913816898696
2447730 0.501791512042885
2447740 0.502637362977158
2447750 0.50342666635483
2447760 0.504136751168405
2447770 0.504747659622501
2447780 0.505240252214559
2447790 0.505599919999502
2447800 0.505815354133056
2447810 0.505878185489623
2447820 0.505786123875889
2447830 0.50554026843326
2447840 0.505146384713136
2447850 0.504616262068782
2447860 0.503964410421201
2447870 0.503210351558827
2447880 0.502377575980997
2447890 0.501490703092092
2447900 0.500589396163642
2447910 0.499678939079838
2447920 0.498798349842938
2447930 0.497975656128673
2447940 0.49723542555673
2447950 0.496599529594343
2447960 0.496087459725597
2447970 0.495712865019164
2447980 0.495486100551196
2447990 0.495413160021443
2448000 0.495493971310624
2448010 0.495725631245152
2448020 0.496100202390248
2448030 0.496605265019246
2448040 0.497226511195156
2448050 0.497945090261874
2448060 0.498740166281486
2448070 0.499589928489271
2448080 0.500469475482598
2448090 0.501354505208617
2448100 0.502220503920953
2448110 0.50304210787109
2448120 0.503796718180874
2448130 0.504462332140412
2448140 0.505018827604586
2448150 0.505450345946821
2448160 0.505742683984569
2448170 0.505886153226421
2448180 0.505875969165822
2448190 0.505710185427837
2448200 0.505393035033142
2448210 0.504933158310988
2448220 0.504342750262369
2448230 0.503639995894249
2448240 0.502845641807657
2448250 0.501983543933828
2448260 0.501092761498929
2448270 0.500177318985459
2448280 0.499277356009675
2448290 0.498421290289531
2448300 0.497634393808293
2448310 0.496941104294816
2448320 0.496362064420085
2448330 0.495913244092531
2448340 0.495608014135404
2448350 0.495453804222555
2448360 0.495453626002466
2448370 0.495607038664982
2448380 0.495907477613211
2448390 0.496345469774448
2448400 0.496908021264491
2448410 0.497577468211427
2448420 0.49833509145284
2448430 0.499159135254078
2448440 0.500025631154641
2448450 0.500911116611055
2448460 0.501790098636616
2448470 0.502637705740935
2448480 0.503430679267123
2448490 0.504145358727523
2448500 0.504761371596617
2448510 0.505260736706295
2448520 0.505627263885313
2448530 0.505850040706019
2448540 0.505921090356283
2448550 0.505836494463496
2448560 0.505598390122065
2448570 0.505211991138158
2448580 0.504687966331218
2448590 0.50404210848712
2448600 0.503292645024637
2448610 0.502462844231237
2448620 0.501578377924198
2448630 0.500665786496055
2448640 0.499754272070839
2448650 0.498871716259929
2448660 0.498044904367412
2448670 0.497299904210061
2448680 0.496658242459681
2448690 0.496138902292134
2448700 0.49575720459576
2448710 0.495522510523491
2448720 0.495441215494367
2448730 0.49551446669669
2448740 0.495738109138151
2448750 0.496105399809717
2448760 0.496604250220323
2448770 0.497219336653824
2448780 0.497933410072387
2448790 0.49872499472288
2448800 0.499571896593925
2448810 0.500462247547481
2448820 0.501347257655978
2448830 0.502214390632392
2448840 0.503039063336
2448850 0.503797140147533
2448860 0.504467662863995
2448870 0.505030300977458
2448880 0.505467994543012
2448890 0.505767829786662
2448900 0.505918972782764
2448910 0.505916167609277
2448920 0.505758492585944
2448930 0.505448507766287
2448940 0.504995252236775
2448950 0.504411263703467
2448960 0.503713135348674
2448970 0.50292273369368
2448980 0.502063429713578
2448990 0.501161771225006
2449000 0.500246375134785
2449010 0.499344678161198
2449020 0.498485140607534
2449030 0.497694285497126
2449040 0.496995197404045
2449050 0.496409520999004
2449060 0.495953811710454
2449070 0.495640355330791
2449080 0.495478189642733
2449090 0.495470022486655
2449100 0.495614989246478
2449110 0.49590817541842
2449120 0.496339053204191
2449130 0.496895038504371
2449140 0.497559580707231
2449150 0.498312598854389
2449160 0.499133466515622
2449170 0.500009972751392
2449180 0.500894378223298
2449190 0.501774236968478
2449200 0.502623867743259
2449210 0.50341953474571
2449220 0.504138864685396
2449230 0.5047599782677
2449240 0.505265209451034
2449250 0.505638973809694
2449260 0.505868693606897
2449270 0.505947351501524
2449280 0.505870685218953
2449290 0.505639586273579
2449300 0.505260501005214
2449310 0.504742894736544
2449320 0.504102155766449
2449330 0.503357557747734
2449340 0.502530747488684
2449350 0.501647964554258
2449360 0.500736219170163
2449370 0.499823287954438
2449380 0.498938390570618
2449390 0.49810802179208
2449400 0.497357546678087
2449410 0.496710126858013
2449420 0.496183789792541
2449430 0.495794116994501
2449440 0.495551812439663
2449450 0.495462004726189
2449460 0.495526960560572
2449470 0.495743084776962
2449480 0.496102546037453
2449490 0.496594850364887
2449500 0.497204255367416
2449510 0.497913036893683
2449520 0.498701255875615
2449530 0.499545506393956
2449540 0.500434259245285
2449550 0.501319677039097
2449560 0.50218770342505
2449570 0.503014789754915
2449580 0.503776816016755
2449590 0.504451569406375
2449600 0.505020059002267
2449610 0.505464261838573
2449620 0.505770706539079
2449630 0.505929690696814
2449640 0.505934329348075
2449650 0.505783990838438
2449660 0.505481713241518
2449670 0.505034817393734
2449680 0.504456839470172
2449690 0.503763995911621
2449700 0.502976979030343
2449710 0.502120509918001
2449720 0.501220028702261
2449730 0.500303954218814
2449740 0.499400954492869
2449750 0.498538057851797
2449760 0.497742623135743
2449770 0.497038398873094
2449780 0.496445804551868
2449790 0.495982938455048
2449800 0.495661921132142
2449810 0.495491227660021
2449820 0.495475256194784
2449830 0.495612201536213
2449840 0.495897467338167
2449850 0.496321780557767
2449860 0.496871211737661
2449870 0.497530315151581
2449880 0.498279406078712
2449890 0.499096655060255
2449900 0.499959798500139
2449910 0.500843655584205
2449920 0.501723629329969
2449930 0.502575451302285
2449940 0.503374018070574
2449950 0.504097215508335
2449960 0.504723952924561
2449970 0.505234907948001
2449980 0.505615447149316
2449990 0.505852835833102
2450000 0.505938700798016
2450010 0.505870020094049
2450020 0.505646593373183
2450030 0.505274287357901
2450040 0.504763623166183
2450050 0.504128334186971
2450060 0.503388087955934
2450070 0.502565029092958
2450080 0.501683789520975
2450090 0.500784173752397
2450100 0.499870574451195
2450110 0.498982828553923
2450120 0.49814903454769
2450130 0.497393644553961
2450140 0.496739864450495
2450150 0.496207122589408
2450160 0.495809720135551
2450170 0.495559370818216
2450180 0.495461899830317
2450190 0.495518408239556
2450200 0.49572690062437
2450210 0.496079305648433
2450220 0.496564555869784
2450230 0.497168537968309
2450240 0.497872464093627
2450250 0.498656674221811
2450260 0.499498868150775
2450270 0.500374465629156
2450280 0.50125982879366
2450290 0.502129531506496
2450300 0.502958698306941
2450310 0.503724640069169
2450320 0.504404363685432
2450330 0.504978193815099
2450340 0.505429375327816
2450350 0.50574291260402
2450360 0.505909284648985
2450370 0.505922222409078
2450380 0.505779342742204
2450390 0.505484612889556
2450400 0.505045073119788
2450410 0.504472910607545
2450420 0.503785638526989
2450430 0.503002861297198
2450440 0.502148862760427
2450450 0.501250273533905
2450460 0.500334007031687
2450470 0.499429377728044
2450480 0.498564080956357
2450490 0.497764093434709
2450500 0.497054645220175
2450510 0.49645605617476
2450520 0.495985670349929
2450530 0.495657365663265
2450540 0.495478770179362
2450550 0.495454449762811
2450560 0.495583999363012
2450570 0.495861536888563
2450580 0.496278844818787
2450590 0.496822566097676
2450600 0.497476034533803
2450610 0.498221141400801
2450620 0.499035636645699
2450630 0.49990817508106
2450640 0.500791955633692
2450650 0.50167271343454
2450660 0.502526364312893
2450670 0.503328737743613
2450680 0.504056098664304
2450690 0.504688310416076
2450700 0.505206046034987
2450710 0.505593246032013
2450720 0.505838507499003
2450730 0.50593249132093
2450740 0.505871446733942
2450750 0.505656343860637
2450760 0.505291428182699
2450770 0.504787439684931
2450780 0.504158668289638
2450790 0.503423064630461
2450800 0.50260384663795
2450810 0.501725397984701
2450820 0.500814768948163
2450830 0.499901023708381
2450840 0.499011482129389
2450850 0.498174050413856
2450860 0.497414596161192
2450870 0.49675502227227
2450880 0.49621563376506
2450890 0.495811518327446
2450900 0.49555317774282
2450910 0.495448050736758
2450920 0.495497116250859
2450930 0.49569770904749
2450940 0.496043514018817
2450950 0.496522500538294
2450960 0.497120726784787
2450970 0.497820682822831
2450980 0.498601284409812
2450990 0.499441239899243
2451000 0.50031634253111
2451010 0.501201615014972
2451020 0.502073127291129
2451030 0.502905368752311
2451040 0.503674895636015
2451050 0.504360125172161
2451060 0.504939966245121
2451070 0.505397762820352
2451080 0.505719291090402
2451090 0.505893310974035
2451100 0.505914441479749
2451110 0.505780121833177
2451120 0.505492880389952
2451130 0.505061065129743
2451140 0.504495782686926
2451150 0.503813901639141
2451160 0.503036241255859
2451170 0.502185488368454
2451180 0.501300257282976
2451190 0.50038499304339
2451200 0.499479049282451
2451210 0.498611460670964
2451220 0.497808117520896
2451230 0.497093329825954
2451240 0.496489183257307
2451250 0.496012213655956
2451260 0.495676319095068
2451270 0.495490645653488
2451280 0.495458519700723
2451290 0.495580500074694
2451300 0.49585142102381
2451310 0.496261852469579
2451320 0.496800025363128
2451330 0.497448968122475
2451340 0.498189867648617
2451350 0.499002133763493
2451360 0.499861681292949
2451370 0.500744978247072
2451380 0.501627317346597
2451390 0.502483036387013
2451400 0.503288898534781
2451410 0.504021354483882
2451420 0.50465883144932
2451430 0.505183392442183
2451440 0.505578138563773
2451450 0.505830854033846
2451460 0.505933479506672
2451470 0.505880690080328
2451480 0.505673533131151
2451490 0.505316906008837
2451500 0.504819793127049
2451510 0.504197416639296
2451520 0.503467498808438
2451530 0.502651942116986
2451540 0.501776577645476
2451550 0.500867443518579
2451560 0.499953210493541
2451570 0.499062622295251
2451580 0.498222168439006
2451590 0.49745840495848
2451600 0.496794092498336
2451610 0.496248217981233
2451620 0.495837400181401
2451630 0.495572116185052
2451640 0.495459050162525
2451650 0.495500998220543
2451660 0.495694425159553
2451670 0.496033109666871
2451680 0.49650646231617
2451690 0.49709918860341
2451700 0.497794730273926
2451710 0.498572558158126
2451720 0.499410075250951
2451730 0.500284585192358
2451740 0.501170608121378
2451750 0.502043448867123
2451760 0.502879127013422
2451770 0.503652845523532
2451780 0.504343076620991
2451790 0.50492968579297
2451800 0.505394298319758
2451810 0.505723531232683
2451820 0.505906127011906
2451830 0.505935207647373
2451840 0.505809504018957
2451850 0.50553053395693
2451860 0.505105875078084
2451870 0.504547874566981
2451880 0.50387177398111
2451890 0.50309861761247
2451900 0.50225180667357
2451910 0.501356741911362
2451920 0.500442165078743
2451930 0.499535773811712
2451940 0.498665535362448
2451950 0.497859005831664
2451960 0.497139648243018
2451970 0.496529426140738
2451980 0.496046437608543
2451990 0.495703293693711
2452000 0.495510013263853
