BJDtdb1 BJDtdb2 BJDtcb1 BJDtcb2 RvTot RvBT RvGO RvgsO RvgT RvlO RvLocal RvlT RvRemote RvSB RvSG RvSO RvsT RvST RvTot RvTropo
2455427 0.788021819015687 2455427 0.788212274579871 -37617.0208298909 0 178.302630609171 -4.60747709168405 0 -0.000255012638451452 -20946.4642821539 0 -16671.7213989977 -16674.0287517694 20774.2327425162 20952.5353731254 2.30748110318373 -16674.0287517694 -37617.0208298909 -0.0000823479983012612
2455427 0.789021889065578 2455427 0.789212344645267 -37614.5388796052 0 176.10198967148 -4.60734369081907 0 -0.000254951167539943 -20943.9821948061 0 -16671.7213979992 -16674.0287507945 20773.9508173454 20950.0528070169 2.30748110318373 -16674.0287507945 -37614.5388796052 -0.0000808964029990909
2455427 0.790031959416366 2455427 0.790222415011717 -37612.0250124968 0 173.87224795355 -4.60720776039676 0 -0.000254889097769661 -20941.4681888716 0 -16671.7213970339 -16674.0287498099 20773.666067344 20947.5383152976 2.30748110318373 -16674.0287498099 -37612.0250124968 -0.000079446981805062
2455427 0.79144205795586 2455427 0.791632513573075 -37608.5037930203 0 170.747684256525 -4.60701598001152 0 -0.000254802476623737 -20937.9467749853 0 -16671.721395636 -16674.0287484351 20773.2685354065 20944.016219663 2.30748110318373 -16674.0287484351 -37608.5037930203 -0.0000774508334259246
2455427 0.792392124569559 2455427 0.792582580201504 -37606.1237232517 0 168.634868211972 -4.60688537497305 0 -0.00025474413771164 -20935.5665737463 0 -16671.7213947374 -16674.0287475089 20773.0006883914 20941.6355566034 2.30748110318373 -16674.0287475089 -37606.1237232517 -0.0000761233748667781
2455427 0.793362192259223 2455427 0.79355264790621 -37603.6873115878 0 166.471339707167 -4.6067509090313 0 -0.000254684591821009 -20933.1300275167 0 -16671.7213937721 -16674.0287465631 20772.7271973627 20939.1985370698 2.30748110318373 -16674.0287465631 -37603.6873115878 -0.0000747820977107129
2455427 0.794572276666573 2455427 0.794762732332322 -37600.6393665278 0 163.76379924387 -4.60658162839275 0 -0.00025461034585904 -20930.0819141079 0 -16671.7213926072 -16674.0287453832 20772.3860310643 20936.1498303082 2.30748110318373 -16674.0287453832 -37600.6393665278 -0.000073128473946643
2455427 0.795552345112887 2455427 0.795742800793833 -37598.1637962516 0 161.563931955756 -4.60644316841313 0 -0.00025455024195146 -20927.6062071358 0 -16671.721391642 -16674.0287444275 20772.1097085181 20933.6736404739 2.30748110318373 -16674.0287444275 -37598.1637962516 -0.0000718046573012301
2455427 0.796912440181216 2455427 0.797102895883251 -37594.7181186761 0 158.500867940199 -4.60624925787436 0 -0.000254466879717355 -20924.1603392776 0 -16671.7213903106 -16674.0287431013 20771.7262315505 20930.2270994907 2.30748110318373 -16674.0287431013 -37594.7181186761 -0.0000699898358218225
2455428 0.852725078551518 2455428 0.852915550624136 -37154.4019025624 0 18.8893182248433 -4.59755729951887 0 -0.000245635650680157 -20483.820662019 0 -16671.7203636765 -16674.0277164459 20470.9286493527 20489.8179675776 2.30748110318373 -16674.0277164459 -37154.4019025624 -0.0000071880001509126
2455428 0.853715146297937 2455428 0.853905618385907 -37151.6771676616 0 16.4488360974259 -4.59736052658629 0 -0.000245580405742635 -20481.0957766096 0 -16671.720362678 -16674.0277154699 20470.6436778449 20487.0925139423 2.30748110318373 -16674.0277154699 -37151.6771676616 -0.00000625649661852443
2455428 0.854705214035354 2455428 0.854895686138675 -37148.9517882563 0 14.0077140302002 -4.59716302141343 0 -0.000245525308213486 -20478.3702465958 0 -16671.7203617127 -16674.0277144938 20470.3587009186 20484.3664149488 2.30748110318373 -16674.0277144938 -37148.9517882563 -0.00000532594485799657
2455428 0.855825290703769 2455428 0.856015762824456 -37145.8678730243 0 11.2453884678499 -4.59693868961952 0 -0.000245463155684541 -20475.2861609515 0 -16671.7203606144 -16674.0277133895 20470.036296234 20481.2816847019 2.30748110318373 -16674.0277133895 -37145.8678730243 -0.00000427415649890223
2455428 0.856785356144268 2455428 0.856975828279842 -37143.2240623567 0 8.87723061658504 -4.59674557788833 0 -0.00024541003615515 -20472.6422042352 0 -16671.7203596492 -16674.0277124429 20469.7599439187 20478.6371745353 2.30748110318373 -16674.0277124429 -37143.2240623567 -0.00000337327364717338
2455428 0.857735420817143 2455428 0.857925892967447 -37140.6074672295 0 6.53342127483213 -4.59655379750309 0 -0.000245357611674287 -20470.0254644906 0 -16671.7203587172 -16674.0277115062 20469.4864652802 20476.019886555 2.30748110318373 -16674.0277115062 -37140.6074672295 -0.00000248222320986255
2455428 0.858875498972475 2455428 0.859065971140456 -37137.4672442513 0 3.7205471201215 -4.59632287554668 0 -0.000245294890628339 -20466.8850680048 0 -16671.7203575856 -16674.0277103821 20469.1582841675 20472.8788312876 2.30748110318373 -16674.0277103821 -37137.4672442513 -0.00000141336276005214
2455428 0.859815562868135 2455428 0.860006035050693 -37134.877783619 0 1.40101022753712 -4.59613162769983 0 -0.000245243329726642 -20464.295464286 0 -16671.7203566869 -16674.0277094552 20468.8876734395 20470.2886836671 2.30748110318373 -16674.0277094552 -37134.877783619 -0.000000532197911948517
2455429 0.886065114909525 2455429 0.886255603004285 -36765.6592659829 0 -69.5684969253419 -4.59157849109103 0 -0.000238400205432057 -20095.0574202315 0 -16671.7193493573 -16674.0267021473 20170.564652135 20100.9961552096 2.30748110318373 -16674.0267021473 -36765.6592659829 0.0000271918485326088
2455429 0.887055181371976 2455429 0.887245669482087 -36762.9666387865 0 -71.9712554461195 -4.59136068289232 0 -0.000238351330942576 -20092.3646442904 0 -16671.7193483921 -16674.026701162 20170.274056845 20098.3028013989 2.30748110318373 -16674.026701162 -36762.9666387865 0.0000281873767695414
2455429 0.888205258371809 2455429 0.888395746499753 -36759.8423548152 0 -74.7588164000511 -4.59110706148733 0 -0.000238294818363848 -20089.2401877101 0 -16671.7193472271 -16674.0267000174 20169.9364899866 20095.1776735866 2.30748110318373 -16674.0267000174 -36759.8423548152 0.0000293498260085062
2455429 0.889155322295289 2455429 0.889345810437964 -36757.2643719161 0 -77.0586312108854 -4.59089710822977 0 -0.000238248347154109 -20086.6620623237 0 -16671.7193462952 -16674.0266990718 20169.6576248575 20092.5989936466 2.30748110318373 -16674.0266990718 -36757.2643719161 0.0000303151869370119
2455429 0.890295398526992 2455429 0.890485886687344 -36754.1744380685 0 -79.8147566369494 -4.59064455190155 0 -0.000238192838340455 -20083.5719578308 0 -16671.7193451635 -16674.0266979371 20169.322980324 20089.508223687 2.30748110318373 -16674.0266979371 -36754.1744380685 0.0000314799232464942
2455429 0.891245462432515 2455429 0.891435950607597 -36751.6026259579 0 -82.1083895364544 -4.59043353356722 0 -0.000238146796456505 -20081.0000036323 0 -16671.7193441983 -16674.0266969916 20169.0441043362 20086.9357147997 2.30748110318373 -16674.0266969916 -36751.6026259579 0.0000324559810371707
2455430 0.849449474908086 2455430 0.849639977940311 -36563.797975282 0 13.8333937098105 -4.60027637393603 0 -0.000234897389416778 -19893.1858567985 0 -16671.7183957807 -16674.0257485781 19885.2729348867 19899.1063285965 2.30748110318373 -16674.0257485781 -36563.797975282 -0.00000525953688872903
2455430 0.850439540703796 2455430 0.850630043751372 -36561.0611900694 0 11.3916909084771 -4.60008299593565 0 -0.000234842374042762 -19890.4489203451 0 -16671.7183948155 -16674.0257475844 19884.9771455124 19896.3688364209 2.30748110318373 -16674.0257475844 -36561.0611900694 -0.00000432983649482642
2455430 0.851539613696048 2455430 0.851730116760681 -36558.0197968624 0 8.67817238475038 -4.59986718475587 0 -0.000234781417039289 -19887.4073591222 0 -16671.7183936839 -16674.0257464802 19884.6484844468 19893.3266568315 2.30748110318373 -16674.0257464802 -36558.0197968624 -0.00000329757878933996
2455430 0.85249967725378 2455430 0.8526901803333 -36555.3651407177 0 6.3096659593707 -4.59967806706254 0 -0.000234728367362117 -19884.7525563298 0 -16671.7183927186 -16674.0257455166 19884.3616476474 19890.6713136068 2.30748110318373 -16674.0257455166 -36555.3651407177 -0.00000239718216301278
2455430 0.853709757428506 2455430 0.853900260526788 -36552.0188435248 0 3.32404269176902 -4.59943869105931 0 -0.000234661703394918 -19881.4060742129 0 -16671.7183915204 -16674.025744302 19884.0001066193 19887.3241493111 2.30748110318373 -16674.025744302 -36552.0188435248 -0.00000126272612256154
2455430 0.854649819953845 2455430 0.854840323066702 -36549.4190930527 0 1.0044900224896 -4.59925196978871 0 -0.000234610071318631 -19878.8061800886 0 -16671.7183905885 -16674.0257433584 19883.7192344788 19884.7237245013 2.30748110318373 -16674.0257433584 -36549.4190930527 -0.000000381573061058035
2455431 0.849245286326013 2455431 0.84943580486027 -36256.3858903215 0 7.76451065462596 -4.60144210045679 0 -0.00022950552286285 -19585.7576740681 0 -16671.7173971381 -16674.0247499108 19583.8743155058 19591.6388261604 2.30748110318373 -16674.0247499108 -36256.3858903215 -0.00000295018975699617
2455431 0.850565372387347 2455431 0.850755890942073 -36252.7284157406 0 4.50762196826852 -4.60118488441772 0 -0.000229432626176671 -19582.0999973889 0 -16671.7173958068 -16674.0247485742 19583.4727936049 19587.9804155731 2.30748110318373 -16674.0247485742 -36252.7284157406 -0.00000171240139924272
2455431 0.852055469901059 2455431 0.852245988478889 -36248.5995291299 0 0.830921580006252 -4.60089272054725 0 -0.00022935065847605 -19577.9708827186 0 -16671.7173942757 -16674.0247470653 19583.0195491484 19583.8504707285 2.30748110318373 -16674.0247470653 -36248.5995291299 -0.000000315640298575509
2455431 0.854275614573659 2455431 0.854466133185913 -36242.4477098984 0 -4.6471514875199 -4.60045430832331 0 -0.000229229169097563 -19571.8187236278 0 -16671.7173920457 -16674.0247448172 19582.3442233072 19577.6970718197 2.30748110318373 -16674.0247448172 -36242.4477098984 0.0000017656440251749
2455431 0.855695707398555 2455431 0.855886226032827 -36238.5131587254 0 -8.15073570477371 -4.60017179671104 0 -0.000229151867645397 -19567.8839550793 0 -16671.7173905813 -16674.0247433791 19581.9122441056 19573.7615084008 2.30748110318373 -16674.0247433791 -36238.5131587254 0.00000309772946440048
2455431 0.85673577529901 2455431 0.856926293949409 -36235.6319078982 0 -10.7163428640713 -4.59996397360701 0 -0.000229095458147687 -19565.0025450231 0 -16671.7173895495 -16674.0247423259 19581.5958580993 19570.8795152352 2.30748110318373 -16674.0247423259 -36235.6319078982 0.00000407405337156809
2455435 0.815546198339487 2455435 0.815736778372025 -35064.5668990379 0 64.2993108085443 -4.61254672395722 0 -0.000210116230428805 -18393.8764491176 0 -16671.7133490143 -16674.0207017907 18335.3183653079 18399.6176761164 2.30748110318373 -16674.0207017907 -35064.5668990379 -0.000024983314686466
2455435 0.816546259407617 2455435 0.81673683945566 -35061.8067144549 0 61.8638812640399 -4.61238516512523 0 -0.000210058081903109 -18391.1161120954 0 -16671.7133479493 -16674.0207007437 18334.9929584673 18396.8568397313 2.30748110318373 -16674.0207007437 -35061.8067144549 -0.0000239954606587063
2455435 0.817806337001619 2455435 0.817996917069201 -35058.3253900913 0 58.7917539809206 -4.61218000471311 0 -0.000209984950397718 -18387.6345954189 0 -16671.7133466512 -16674.0206994244 18334.5829380423 18393.3746920232 2.30748110318373 -16674.0206994244 -35058.3253900913 -0.0000227564287772175
2455435 0.81876639575622 2455435 0.818956975838688 -35055.6704522006 0 56.4485893064972 -4.61202257305359 0 -0.000209929335008199 -18384.9795109138 0 -16671.7133456194 -16674.0206984192 18334.2705359624 18390.7191252689 2.30748110318373 -16674.0206984192 -35055.6704522006 -0.000021816446165251
2455435 0.82078651966836 2455435 0.82097709978215 -35050.0773664494 0 51.5115385762889 -4.61168833865085 0 -0.00020981261271181 -18379.3861162237 0 -16671.7133435225 -16674.020696304 18333.6131737722 18385.1247123485 2.30748110318373 -16674.020696304 -35050.0773664494 -0.0000198492514296229
2455435 0.821736577707209 2455435 0.821927157835729 -35047.4440164665 0 49.1867253774837 -4.61152964221267 0 -0.000209757863702196 -18376.752620758 0 -16671.713342524 -16674.0206953092 18333.3040108384 18382.4907362159 2.30748110318373 -16674.0206953092 -35047.4440164665 -0.0000189287810686977
2455436 0.850388903166605 2455436 0.850579499244584 -34632.8248173289 0 -27.9469507077182 -4.60777072003507 0 -0.000202907527332431 -17962.1114356734 0 -16671.7122698586 -16674.0196226554 17995.7425081085 17967.7955574008 2.30748110318373 -16674.0196226554 -34632.8248173289 0.0000106670903374014
2455436 0.851378962584553 2455436 0.851569558677883 -34630.0616902383 0 -30.38313852477 -4.60757893964983 0 -0.000202854719506861 -17959.3481559772 0 -16671.7122688268 -16674.0196216095 17995.4148942476 17965.0317557228 2.30748110318373 -16674.0196216095 -34630.0616902383 0.0000116066505088651
2455436 0.852649038573131 2455436 0.852839634686154 -34626.5188102956 0 -33.5066047323338 -4.60733170870545 0 -0.000202787212269371 -17955.8050803267 0 -16671.7122674954 -16674.0196202679 17994.9946143436 17961.4880096112 2.30748110318373 -16674.0196202679 -34626.5188102956 0.0000128148289441404
2455436 0.85625925481291 2455436 0.856449850981909 -34616.4604464841 0 -42.3727340601166 -4.60662210130987 0 -0.000202596801999157 -17945.7461609445 0 -16671.7122636678 -16674.0196164543 17993.7999133789 17951.4271793188 2.30748110318373 -16674.0196164543 -34616.4604464841 0.0000162695802991694
2455436 0.857199311268231 2455436 0.857389907451806 -34613.8447716832 0 -44.67795502842 -4.60643564630847 0 -0.0002025475883301 -17943.1303416926 0 -16671.7122626693 -16674.0196154612 17993.4888163529 17948.8108613245 2.30748110318373 -16674.0196154612 -34613.8447716832 0.0000171748028766442
2455436 0.858249373740694 2455436 0.858439969940551 -34610.9248602667 0 -47.2510779053384 -4.60622662499307 0 -0.000202492798344612 -17940.2102689836 0 -16671.712261571 -16674.0196143519 17993.1413089781 17945.8902310727 2.30748110318373 -16674.0196143519 -34610.9248602667 0.0000181890350331942
2455437 0.802825564796874 2455437 0.803016175642572 -34425.4031889917 0 82.1858588156114 -4.61738649935076 0 -0.000200355991078068 -17754.6792724622 0 -16671.711269219 -16674.0186220153 17678.1623926223 17760.348251438 2.30748110318373 -16674.0186220153 -34425.4031889917 -0.0000324136911546009
2455437 0.803835624401142 2455437 0.804026235262501 -34422.6259707025 0 79.7473726564908 -4.61723812084375 0 -0.000200296664456808 -17751.9019007687 0 -16671.7112681539 -16674.0186209407 17677.8230308527 17757.5704035092 2.30748110318373 -16674.0186209407 -34422.6259707025 -0.000031380626225322
2455437 0.804945690214165 2455437 0.805136301092735 -34419.5700543084 0 77.0637306302682 -4.61707369961795 0 -0.000200231552042566 -17748.8458156265 0 -16671.711266989 -16674.0186197595 17677.4500625238 17754.5137931541 2.30748110318373 -16674.0186197595 -34419.5700543084 -0.0000302515399639848
2455437 0.805915747591312 2455437 0.806106358484923 -34416.8964750447 0 74.7154758158095 -4.61692884917773 0 -0.000200174729697129 -17746.1720886833 0 -16671.7112659572 -16674.0186187274 17677.1241299058 17751.8396057216 2.30748110318373 -16674.0186187274 -34416.8964750447 -0.0000292700358149283
2455437 0.807015812714917 2455437 0.807206423625585 -34413.861204598 0 72.0491344433727 -4.61676336287516 0 -0.000200110382098482 -17743.13665062 0 -16671.711264759 -16674.0186175568 17676.7545095001 17748.8036439435 2.30748110318373 -16674.0186175568 -34413.861204598 -0.0000281626062895795
2455437 0.807975869405481 2455437 0.808166480331035 -34411.2094055883 0 69.71931355525 -4.61661784676195 0 -0.000200054304488639 -17740.4847051623 0 -16671.7112637604 -16674.0186165352 17676.4319264617 17746.151240017 2.30748110318373 -16674.0186165352 -34411.2094055883 -0.0000272008176079645
2455438 0.865247574334137 2455438 0.865438201652898 -33906.0430383964 0 -77.3079896347045 -4.60784454316844 0 -0.000191705356266527 -17235.2913646017 0 -16671.7101428004 -16674.0174955751 17318.1982290971 17240.8902394624 2.30748110318373 -16674.0174955751 -33906.0430383964 0.0000304202256893314
2455438 0.866237631351689 2455438 0.866428258685801 -33903.3120535585 0 -79.701383001277 -4.60764237828473 0 -0.00019165588182923 -17232.5602289557 0 -16671.7101417354 -16674.0174945122 17317.8599716614 17238.1585886601 2.30748110318373 -16674.0174945122 -33903.3120535585 0.000031431855611257
2455438 0.867337694590463 2455438 0.867528321941632 -33900.2812609607 0 -82.3570679692163 -4.60741698141405 0 -0.000191601134042147 -17229.5292690077 0 -16671.7101405371 -16674.0174933311 17317.4841239577 17235.1270559885 2.30748110318373 -16674.0174933311 -33900.2812609607 0.000032562203750607
2455438 0.868297749636108 2455438 0.868488377002163 -33897.6394289395 0 -84.6715282329243 -4.60721960937579 0 -0.000191553548364555 -17226.8872910709 0 -16671.7101395053 -16674.0174923004 17317.1561061776 17232.4845779447 2.30748110318373 -16674.0174923004 -33897.6394289395 0.0000335543145231086
2455438 0.869427814806657 2455438 0.869618442190233 -33894.53374021 0 -87.3918665167363 -4.60698655726586 0 -0.000191497770054399 -17223.7814308641 0 -16671.7101383071 -16674.0174910871 17316.7699954717 17229.3781289549 2.30748110318373 -16674.0174910871 -33894.53374021 0.0000347290741845598
2455438 0.870367868532357 2455438 0.87055849593051 -33891.9536123462 0 -89.6514325345584 -4.6067919810541 0 -0.000191451564859624 -17221.2011604796 0 -16671.7101373086 -16674.0174900779 17316.4488009982 17226.7973684637 2.30748110318373 -16674.0174900779 -33891.9536123462 0.0000357122373238038
2455439 0.900006717686218 2455439 0.900197361049125 -33462.1605346486 0 -164.879194752492 -4.60199733828854 0 -0.000184920535063427 -16791.385280953 0 -16671.7090366516 -16674.0163894386 16961.8071587522 16796.9279639997 2.30748110318373 -16674.0163894386 -33462.1605346486 0.0000741739735585529
2455439 0.90099677277226 2455439 0.901187416150518 -33459.6047025171 0 -167.091933847723 -4.60177673426331 0 -0.000184879103727149 -16788.8293077321 0 -16671.7090355866 -16674.0163883674 16961.4634190993 16794.3714852515 2.30748110318373 -16674.0163883674 -33459.6047025171 0.0000755453093128461
2455439 0.902116835655536 2455439 0.90230747905116 -33456.7210889835 0 -169.587394225722 -4.60152677405971 0 -0.000184832526685247 -16785.9455351026 0 -16671.7090343551 -16674.0163871555 16961.0745353832 16791.4871411575 2.30748110318373 -16674.0163871555 -33456.7210889835 0.0000771147588847163
2455439 0.903076889280813 2455439 0.903267532691323 -33454.2561310323 0 -171.719643417155 -4.601312094524 0 -0.000184792853989094 -16783.4804410546 0 -16671.7090333233 -16674.0163861167 16960.7412012244 16789.0215578073 2.30748110318373 -16674.0163861167 -33454.2561310323 0.0000784756204586148
2455439 0.904196952144129 2455439 0.904387595572006 -33451.3882839299 0 -174.199322989765 -4.60106120237823 0 -0.000184746863047596 -16780.6124356884 0 -16671.7090321251 -16674.0163849048 16960.352305021 16786.1529820312 2.30748110318373 -16674.0163849048 -33451.3882839299 0.0000800819853510916
2455439 0.905137004946046 2455439 0.905327648388499 -33448.9880244995 0 -176.273792929389 -4.60085031717849 0 -0.000184708509083256 -16778.2120437892 0 -16671.7090310933 -16674.0163838877 16960.025904786 16783.7521118566 2.30748110318373 -16674.0163838877 -33448.9880244995 0.0000814460993286598
2455582 0.535766812604943 2455582 0.535959667563539 10389.9222980083 0 -231.450048053762 -4.76604365707019 0 0.000665574805097557 27062.9553251311 0 -16671.5280498875 -16673.8354026869 -26824.296056278 -27055.7461043317 2.30748110318373 -16673.8354026869 10389.9222980083 0.000126968075087073
2455582 0.536876712496007 2455582 0.537069567471814 10392.0114971426 0 -233.654075403128 -4.7662743793247 0 0.000665676279268488 27065.0446392937 0 -16671.5280487891 -16673.8354015882 -26824.1807328802 -27057.8348082833 2.30748110318373 -16673.8354015882 10392.0114971426 0.000129288773476167
2455582 0.5379566148588 2455582 0.53814946985135 10394.0332520214 0 -235.78756650931 -4.76649777917644 0 0.000665775130852378 27067.0665056062 0 -16671.528047724 -16673.8354005192 -26824.0685172991 -27059.8560838084 2.30748110318373 -16673.8354005192 10394.0332520214 0.000131585105739352
2455582 0.539036517214331 2455582 0.539229372223625 10396.0440788132 0 -237.910140670934 -4.76672018051871 0 0.000665874096799913 27069.0774430994 0 -16671.528046659 -16673.8353994503 -26823.9562927866 -27061.8664334576 2.30748110318373 -16673.8353994503 10396.0440788132 0.000133920300957065
2455582 0.540116420028259 2455582 0.540309275054298 10398.0438797971 0 -240.021700521036 -4.76694145021692 0 0.000665973173213333 27071.0773542522 0 -16671.5280455939 -16673.8353983814 -26823.8440592943 -27063.8657598154 2.30748110318373 -16673.8353983814 10398.0438797971 0.000136295414952487
2455582 0.541206321542708 2455582 0.541399176585645 10400.0509171789 0 -242.141542967746 -4.76716371842459 0 0.000666073274913603 27073.0845022689 0 -16671.5280445288 -16673.8353973026 -26823.7307775879 -27065.8723205556 2.30748110318373 -16673.8353973026 10400.0509171789 0.000138734100008261
2455584 0.542078002382709 2455584 0.542270888449558 10189.0449662961 0 -254.562312709259 -4.76654723867878 0 0.000686993476555273 26862.0648710075 0 -16671.5260992327 -16673.8334520032 -26600.328912316 -26854.8912250253 2.30748110318373 -16673.8334520032 10189.0449662961 0.000154236905041207
2455584 0.543157905476839 2455584 0.543350791560432 10190.9359617003 0 -256.581829179047 -4.76676458090641 0 0.000687095156772156 26863.9559704564 0 -16671.5260981676 -16673.8334509551 -26600.1999363338 -26856.7817655128 2.30748110318373 -16673.8334509551 10190.9359617003 0.000156975452304831
2455584 0.544217810669334 2455584 0.544410696769361 10192.7803767044 0 -258.552396567466 -4.7669768640194 0 0.000687195039502033 26865.8004870422 0 -16671.5260971358 -16673.8334499264 -26600.0733398535 -26858.6257364209 2.30748110318373 -16673.8334499264 10192.7803767044 0.000159712974800255
2455584 0.545317712110396 2455584 0.545510598227477 10194.6821860993 0 -260.585130870219 -4.76719593699677 0 0.000687298776751165 26867.7024011474 0 -16671.5260960707 -16673.833448859 -26599.9419568397 -26860.5270877099 2.30748110318373 -16673.833448859 10194.6821860993 0.00016260732135299
2455584 0.546417613544506 2455584 0.546610499678641 10196.5714674621 0 -262.605349109081 -4.76741394489738 0 0.00068740259672153 26869.5917864884 0 -16671.5260950056 -16673.8334477916 -26599.8105643254 -26862.4159134344 2.30748110318373 -16673.8334477916 10196.5714674621 0.000165557745007536
2455584 0.54754751204622 2455584 0.547740398197875 10198.4991268692 0 -264.667529086255 -4.76763661250885 0 0.000687509329750442 26871.5195520038 0 -16671.5260939073 -16673.8334466951 -26599.6755785141 -26864.3431076004 2.30748110318373 -16673.8334466951 10198.4991268692 0.000168648747099274
2455588 0.536586999341798 2455588 0.5367799473443 9658.49135274933 0 -265.233393238801 -4.76389979067415 0 0.000730114205029641 26331.4779816002 0 -16671.5223297929 -16673.8296825807 -26059.16765469 -26324.4010479288 2.30748110318373 -16673.8296825807 9658.49135274933 0.000169511428075302
2455588 0.537686902743169 2455588 0.537879850762725 9660.31570823072 0 -267.224325829325 -4.76412485470834 0 0.000730222298947193 26333.3024375316 0 -16671.5223287611 -16673.8296815554 -26059.0006293953 -26326.2249552246 2.30748110318373 -16673.8296815554 9660.31570823072 0.000172597766456541
2455588 0.53877680693994 2455588 0.538969754976395 9662.11080598677 0 -269.184498723359 -4.76434679007952 0 0.000730329505790679 26335.0976340735 0 -16671.5223277626 -16673.8296805396 -26058.8351125868 -26328.0196113102 2.30748110318373 -16673.8296805396 9662.11080598677 0.000175716921718177
2455588 0.539886709525955 2455588 0.540079657579619 9663.92578153678 0 -271.167591154618 -4.76457172097911 0 0.000730438773045879 26336.9127096076 0 -16671.5223267308 -16673.8296795051 -26058.6665485836 -26329.8341397382 2.30748110318373 -16673.8296795051 9663.92578153678 0.000178957436139199
2455588 0.540966614511838 2455588 0.541159562582246 9665.67896246445 0 -273.084357511274 -4.76478946261053 0 0.00073054517313221 26338.6659869913 0 -16671.522325699 -16673.8296784986 -26058.5025305526 -26331.5868880638 2.30748110318373 -16673.8296784986 9665.67896246445 0.000182174324030086
2455786 0.847823649325846 2455786 0.848019672183321 -39142.4677921326 0 78.060062743784 -4.59053438302353 0 -0.000286934248324765 -22472.2999762136 0 -16671.4174974154 -16673.724850191 22400.5151136154 22478.5751763591 2.30748110318373 -16673.724850191 -39142.4677921326 -0.0000306709555264568
2455786 0.848803722813972 2455786 0.848999745686644 -39139.8611130698 0 75.6887505174435 -4.59034100502315 0 -0.000286876396895793 -22469.6931530992 0 -16671.4174965168 -16673.7248492899 22400.2790194439 22475.9677699613 2.30748110318373 -16673.7248492899 -39139.8611130698 -0.0000296772498579931
2455786 0.849823799130988 2455786 0.850019822019476 -39137.1449711751 0 73.2175872001894 -4.59013897327403 0 -0.000286816310325164 -22466.9768611285 0 -16671.4174955515 -16673.7248483521 22400.033282649 22473.2508698492 2.30748110318373 -16673.7248483521 -39137.1449711751 -0.000028648098589694
2455786 0.85084387590445 2455786 0.851039898808754 -39134.4257996363 0 70.7433989829918 -4.58993600958275 0 -0.000286756354493883 -22464.2575392807 0 -16671.4174946196 -16673.7248474141 22399.7875394529 22470.5309384359 2.30748110318373 -16673.7248474141 -39134.4257996363 -0.0000276239700867441
2455786 0.851833949726166 2455786 0.852029972645821 -39131.7838057566 0 68.3391877503353 -4.58973837127529 0 -0.000286698289185631 -22461.6153993857 0 -16671.4174937209 -16673.7248465038 22399.5490181487 22467.8882058991 2.30748110318373 -16673.7248465038 -39131.7838057566 -0.0000266345846315056
2455788 0.767875559395561 2455788 0.768071612023821 -38834.2501253097 0 243.481333646503 -4.60500531477857 0 -0.000280413031526702 -22164.0669329107 0 -16671.4157329826 -16673.7230857682 21926.8292665415 22170.310600188 2.30748110318373 -16673.7230857682 -38834.2501253097 -0.000139148801486149
2455788 0.769065647141463 2455788 0.769261699788175 -38831.6431961869 0 241.17428626701 -4.60487557511497 0 -0.000280339421916594 -22161.4598599027 0 -16671.4157318843 -16673.7230846561 21926.5287282618 22167.7030145288 2.30748110318373 -16673.7230846561 -38831.6431961869 -0.000136497198523215
2455788 0.770115724857032 2455788 0.770311777520026 -38829.3316980575 0 239.127393152735 -4.60475948174744 0 -0.000280274425553828 -22159.1482342637 0 -16671.4157308857 -16673.7230836747 21926.2635401945 22165.3909333472 2.30748110318373 -16673.7230836747 -38829.3316980575 -0.000134198579819778
2455788 0.771155801749055 2455788 0.771351854428176 -38827.0318949371 0 237.089678110191 -4.60464312211072 0 -0.000280210007599556 -22156.8483041994 0 -16671.4157299205 -16673.7230827026 21926.0008711335 22163.0905492437 2.30748110318373 -16673.7230827026 -38827.0318949371 -0.00013195875603624
2455788 0.772195878633079 2455788 0.772391931328326 -38824.721909716 0 235.041783899172 -4.60452529799344 0 -0.000280145551642347 -22154.5381914686 0 -16671.4157289553 -16673.7230817305 21925.7381954908 22160.7799793899 2.30748110318373 -16673.7230817305 -38824.721909716 -0.00012975472276802
2455790 0.934001995469545 2455790 0.934198081684024 -37873.8022817611 0 -155.854239527298 -4.57585562816446 0 -0.000259970659645708 -21203.5677088274 0 -16671.4137001505 -16673.7210529439 21365.4977176224 21209.6434780951 2.30748110318373 -16673.7210529439 -37873.8022817611 0.0000687691572171503
2455790 0.940902483348663 2455790 0.941098569670136 -37856.5042721451 0 -171.323181124995 -4.57423205176877 0 -0.000259703031500077 -21186.2687438375 0 -16671.4136935603 -16673.721046343 21363.6636337043 21192.3404525793 2.30748110318373 -16673.721046343 -37856.5042721451 0.0000782240815222384
2455790 0.942072566111574 2455790 0.942268652451188 -37853.6024029627 0 -173.914868744075 -4.57395659629008 0 -0.000259658976597048 -21183.3667143943 0 -16671.4136924287 -16673.7210452238 21363.3526078739 21189.4377391298 2.30748110318373 -16673.7210452238 -37853.6024029627 0.0000798993514941324
2455790 0.94312264040023 2455790 0.943318726756127 -37851.0061944034 0 -176.232700360417 -4.57370943191299 0 -0.00025961977162528 -21180.7703624491 0 -16671.4136914302 -16673.7210442193 21363.0734749697 21186.8407746092 2.30748110318373 -16673.7210442193 -37851.0061944034 0.0000814219092402409
2455794 0.896677224291765 2455794 0.896873371948308 -36834.7942820675 0 -93.5433049172082 -4.58978450241273 0 -0.000239572296502158 -20164.5057523116 0 -16671.409874661 -16673.7172274377 20263.9953354855 20170.4520305683 2.30748110318373 -16673.7172274377 -36834.7942820675 0.0000374234882019158
2455794 0.89777729828981 2455794 0.89797344596341 -36831.8421783397 0 -96.176964734507 -4.58953720490105 0 -0.000239520452820044 -20161.5534854939 0 -16671.4098735626 -16673.7172263457 20263.6760851852 20167.4991204507 2.30748110318373 -16673.7172263457 -36831.8421783397 0.0000385928752251588
2455794 0.898847370030725 2455794 0.899043517720917 -36828.9750105899 0 -98.7343658423454 -4.58929616471537 0 -0.0002394702888116 -20158.6861593471 0 -16671.4098724976 -16673.7172252836 20263.3655345893 20164.631168747 2.30748110318373 -16673.7172252836 -36828.9750105899 0.0000397383247767106
2455794 0.899917442227104 2455794 0.900113589933887 -36826.112321155 0 -101.287280931074 -4.5890547251259 0 -0.000239420388769848 -20155.8233118149 0 -16671.4098714325 -16673.7172242214 20263.0549767695 20161.7676958384 2.30748110318373 -16673.7172242214 -36826.112321155 0.0000408918803587159
2455794 0.900997514696155 2455794 0.901193662419684 -36823.2275392321 0 -103.859385855957 -4.58881055627722 0 -0.000239370292012166 -20152.9383704967 0 -16671.4098703674 -16673.7172231493 20262.7415094652 20158.8821236092 2.30748110318373 -16673.7172231493 -36823.2275392321 0.0000420647024866807
2455801 0.848142524724888 2455801 0.848338780165276 -34740.4989460004 0 -20.7419980198843 -4.60999626450563 0 -0.00020422181545273 -18070.1009962818 0 -16671.4028246849 -16673.7101774825 18096.5423197991 18075.8003217792 2.30748110318373 -16673.7101774825 -34740.4989460004 0.00000790092804704741
2455801 0.849262592395049 2455801 0.849458847852804 -34737.3669875852 0 -23.5014163802191 -4.60978091929694 0 -0.000204161476084312 -18066.9688648582 0 -16671.40282352 -16673.7101763016 18096.1690149045 18072.6675985243 2.30748110318373 -16673.7101763016 -34737.3669875852 0.00000895852529287306
2455801 0.850352658016851 2455801 0.850548913491508 -34734.3200375731 0 -26.1857987637569 -4.60957030036639 0 -0.000204102945976223 -18063.9217465307 0 -16671.402822355 -16673.7101751524 18095.8057020664 18069.6199033027 2.30748110318373 -16673.7101751524 -34734.3200375731 0.00000998965963618305
2455801 0.851452724306359 2455801 0.851648979798072 -34731.2463794298 0 -28.8935563028386 -4.60935681904204 0 -0.000204044074341501 -18060.8479186075 0 -16671.4028212234 -16673.7101739927 18095.4390488008 18066.5454924979 2.30748110318373 -16673.7101739927 -34731.2463794298 0.0000110323303482192
2455801 0.852562791263269 2455801 0.852759046772194 -34728.1461790409 0 -31.624522851165 -4.60914040875658 0 -0.000203984868990192 -18057.7475470075 0 -16671.4028200252 -16673.7101728223 18095.0690549089 18063.4445320577 2.30748110318373 -16673.7101728223 -34728.1461790409 0.00001208680901994
2455843 0.809109683184983 2455843 0.809306589238471 -17113.7675426174 0 -194.913733123637 -4.68190924925929 0 0.00000373463664047007 -442.439866454032 0 -16671.3522801023 -16673.6596328872 642.036267063997 447.122533940359 2.30748110318373 -16673.6596328872 -17113.7675426174 0.0000946321258496801
2455843 0.810149684734387 2455843 0.810346590804002 -17111.0636859838 0 -197.135607252925 -4.6817604047812 0 0.00000378492618472866 -439.735860842811 0 -16671.3522787044 -16673.6596314899 641.55398046094 444.418373208014 2.30748110318373 -16673.6596314899 -17111.0636859838 0.0000963274779492502
2455843 0.811179686183544 2455843 0.811376592269129 -17108.3941702542 0 -199.327775242158 -4.6816116934377 0 0.00000383452960725762 -437.066198032814 0 -16671.3522773065 -16673.659630106 641.076330893233 441.748555651077 2.30748110318373 -16673.659630106 -17108.3941702542 0.0000980290756631096
2455843 0.812209688089204 2455843 0.812406594190758 -17105.7330478621 0 -201.511550096012 -4.68146178388284 0 0.00000388392968420724 -434.404928992962 0 -16671.3522759419 -16673.6596287222 640.598680740303 439.087130644293 2.30748110318373 -16673.6596287222 -17105.7330478621 0.0000997536701561668
2455843 0.813249689610776 2455843 0.813446595728456 -17103.0547008489 0 -203.707915441698 -4.68130921163606 0 0.00000393360121655802 -431.726434466568 0 -16671.352274544 -16673.6596273249 640.116393015039 436.408477573341 2.30748110318373 -16673.6596273249 -17103.0547008489 0.000101518920142638
2455845 0.748200951071502 2455845 0.748397887190984 -16342.0428675212 0 -66.8525711607338 -4.69160484276516 0 0.0000102210084610018 329.325130018771 0 -16671.3496838779 -16673.6570366587 -257.780561131309 -324.633132292041 2.30748110318373 -16673.6570366587 -16342.0428675212 0.0000260745743302318
2455845 0.749460949980711 2455845 0.74965788611973 -16338.396550618 0 -69.9141270718934 -4.69152476230579 0 0.0000102920877497478 332.971647988488 0 -16671.3496821804 -16673.6570349543 -258.365593918974 -328.27972099087 2.30748110318373 -16673.6570349543 -16338.396550618 0.0000273358744923753
2455845 0.75074094853909 2455845 0.750937884697956 -16334.6968706396 0 -73.0197658964454 -4.69144108721234 0 0.0000103641564528352 336.671531962418 0 -16671.3496804496 -16673.6570332228 -258.959913192708 -331.979679089152 2.30748110318373 -16673.6570332228 -16334.6968706396 0.000028624892982352
2455845 0.751850947374378 2455845 0.752047883550454 -16331.4923928781 0 -75.7090998246319 -4.69136666497329 0 0.0000104265371239565 339.876186460064 0 -16671.3496789519 -16673.6570317213 -259.475299808926 -335.184399633558 2.30748110318373 -16673.6570317213 -16331.4923928781 0.0000297492911081271
2455850 0.810376702307763 2455850 0.810573716917283 -13819.7132282011 0 -236.855914118711 -4.69421780890948 0 0.0000378474164365098 2851.78819060679 0 -16671.3428319395 -16673.6501847196 -2610.21080518505 -2847.06671930376 2.30748110318373 -16673.6501847196 -13819.7132282011 0.000132757118621076
2455850 0.811416692429751 2455850 0.811613707055396 -13817.191124022 0 -238.89480607136 -4.69406776622002 0 0.0000378956258003581 2854.31043357871 0 -16671.3428305083 -16673.6501832936 -2610.69425600222 -2849.58906207358 2.30748110318373 -16673.6501832936 -13817.191124022 0.000135024401355899
2455850 0.812486682486033 2455850 0.812683697128268 -13814.6069727973 0 -240.981807048974 -4.69391206531024 0 0.0000379449903760308 2856.89472705767 0 -16671.3428290438 -16673.6501818266 -2611.19165257246 -2852.17345962143 2.30748110318373 -16673.6501818266 -13814.6069727973 0.000137396217837572
2455850 0.81352667259034 2455850 0.813723687248701 -13812.1057704835 0 -242.999798897208 -4.69375949306346 0 0.0000379927402592859 2859.39606703268 0 -16671.3428276126 -16673.6501804007 -2611.67510329285 -2854.67490219006 2.30748110318373 -16673.6501804007 -13812.1057704835 0.000139740576996095
2455850 0.814566662685988 2455850 0.814763677360473 -13809.6150018946 0 -245.007357832782 -4.69360558947073 0 0.0000380402610514952 2861.88697271689 0 -16671.3428261814 -16673.6501789749 -2612.15855396544 -2857.16591179822 2.30748110318373 -16673.6501789749 -13809.6150018946 0.000142124448693242
2455852 0.761906785857378 2455852 0.762103830725758 -13004.8041304019 0 -144.760223211295 -4.70358143130074 0 0.0000452274469407549 3666.73994156856 0 -16671.3401659857 -16673.6475187532 -3517.23123959811 -3661.99146280941 2.30748110318373 -16673.6475187532 -13004.8041304019 0.0000624922848790606
2455852 0.762996772921262 2455852 0.763193817806542 -13001.8019334178 0 -147.256146771475 -4.70349249739075 0 0.0000452865394616823 3669.74230397239 0 -16671.3401644547 -16673.6475172505 -3517.73769254239 -3664.99383931387 2.30748110318373 -16673.6475172505 -13001.8019334178 0.0000638716578546688
2455852 0.76407675955479 2455852 0.764273804456815 -12998.8341318563 0 -149.722321558887 -4.70340263153859 0 0.0000453449367387884 3672.71026912295 0 -16671.3401629902 -16673.6475157616 -3518.23949866068 -3667.96182021957 2.30748110318373 -16673.6475157616 -12998.8341318563 0.000065252818738561
2455852 0.76514674622394 2455852 0.765343791142556 -12995.9006473679 0 -152.158825416219 -4.70331210001345 0 0.0000454026407227888 3675.6439152368 0 -16671.3401614925 -16673.6475142865 -3518.73665817528 -3670.89548359149 2.30748110318373 -16673.6475142865 -12995.9006473679 0.0000666357506228202
2455852 0.766226733301888 2455852 0.766423778237249 -12992.9467599028 0 -154.611088896922 -4.70321910549829 0 0.0000454607277117969 3678.59796549224 0 -16671.340160028 -16673.6475127976 -3519.23846407645 -3673.84955297337 2.30748110318373 -16673.6475127976 -12992.9467599028 0.0000680466962049914
2455957 0.54675627866374 2455957 0.546954948241949 9045.48818831043 0 -300.491530365668 -4.76233066632814 0 0.000774145967828875 25718.1275665219 0 -16671.2092145311 -16673.5165673004 -25410.6670224751 -25711.1585528407 2.30748110318373 -16673.5165673004 9045.48818831043 0.000240029055735462
2455957 0.548376139949989 2455957 0.548574809553315 9047.73585768722 0 -303.040070007671 -4.76264293352257 0 0.000774313138367993 25720.3753594476 0 -16671.2092130666 -16673.5165658515 -25410.3655708816 -25713.4056408893 2.30748110318373 -16673.5165658515 9047.73585768722 0.00024688837379275
2455957 0.551795846553108 2455957 0.551994516209457 9052.37686113222 0 -308.316329704563 -4.76329342915761 0 0.000774666289061497 25725.016617912 0 -16671.2092100045 -16673.516562793 -25409.7291072972 -25718.0454370018 2.30748110318373 -16673.516562793 9052.37686113222 0.000262184551123349
2456094 0.940189405672503 2456094 0.940390205563086 -41453.4275166128 0 212.363460776406 -4.55908985538175 0 -0.000728628676382202 -24783.6601454939 0 -16671.1455646116 -16673.4529174036 24577.9043343189 24790.2677950953 2.30748110318373 -16673.4529174036 -41453.4275166128 -0.000108059204466079
2456141 0.920161372612198 2456141 0.920362900936544 -41153.8629341415 0 -32.7482471379812 -4.56639914439264 0 -0.000344716287512623 -24484.1078870258 0 -16671.1165804112 -16673.4239331991 24523.4223592769 24490.674112139 2.30748110318373 -16673.4239331991 -41153.8629341415 0.0000125220462483048
2456141 0.921271463355025 2456141 0.921472991696584 -41150.944202464 0 -35.4770509324022 -4.5661344728162 0 -0.000344660251365492 -24481.1889939559 0 -16671.1165795126 -16673.4239322816 24523.2315295105 24487.7544785781 2.30748110318373 -16673.4239322816 -41150.944202464 0.0000135802599601085
2456141 0.922421557192842 2456141 0.922623085552233 -41147.9221146055 0 -38.3023578842439 -4.56586008241427 0 -0.000344602504614955 -24478.1667390135 0 -16671.1165785474 -16673.423931331 24523.0338146385 24484.7314567542 2.30748110318373 -16673.423931331 -41147.9221146055 0.0000146796361248588
2456141 0.923581651911835 2456141 0.923783180289214 -41144.8757761805 0 -41.1501954439019 -4.56558316245503 0 -0.000344544576523477 -24475.1202321067 0 -16671.1165775821 -16673.4239303722 24522.8343718478 24481.6841764039 2.30748110318373 -16673.4239303722 -41144.8757761805 0.0000157919429259778
2456141 0.92471174440673 2456141 0.924913272801631 -41141.9103251104 0 -43.9222704411144 -4.56531309892746 0 -0.00034448845880421 -24472.1546170813 0 -16671.1165766502 -16673.4239294381 24522.6400786704 24478.7178082293 2.30748110318373 -16673.4239294381 -41141.9103251104 0.0000168789812410685
2456146 0.90127123844876 2456146 0.901472844006201 -40230.0267506639 0 -18.8651598335371 -4.57545555870411 0 -0.000315331086891369 -23560.2245103961 0 -16671.1123971558 -16673.4197499335 23585.5168843195 23566.651724486 2.30748110318373 -16673.4197499335 -40230.0267506639 0.00000718308030582906
2456146 0.905041534579892 2456146 0.905243140195792 -40219.9703183026 0 -28.1516377751208 -4.57458199605381 0 -0.000315135273884901 -23550.1675220647 0 -16671.1123938607 -16673.4197466459 23584.7439232459 23556.5922854707 2.30748110318373 -16673.4197466459 -40219.9703183026 0.0000107467557973306
2456146 0.907941762609441 2456146 0.908143368270309 -40212.245068187 0 -35.2845499110556 -4.57390660424936 0 -0.000314986754699572 -23542.4418448534 0 -16671.1123913312 -16673.4197441169 23584.1492718234 23548.8647219123 2.30748110318373 -16673.4197441169 -40212.245068187 0.0000135055007189325
2456146 0.910761984138774 2456146 0.910963589843371 -40204.7441485008 0 -42.2094167560439 -4.5732473882983 0 -0.000314844132513609 -23534.9405104861 0 -16671.1123888682 -16673.4197416575 23583.5709696377 23541.3615528816 2.30748110318373 -16673.4197416575 -40204.7441485008 0.0000162067899360125
2456146 0.913342186326704 2456146 0.913543792071307 -40197.8931746369 0 -48.5333152235425 -4.57264235812772 0 -0.000314715235359119 -23528.0891578544 0 -16671.1123866382 -16673.4197394074 23583.0418372687 23534.5085220452 2.30748110318373 -16673.4197394074 -40197.8931746369 0.0000186974319919065
2456148 0.880975605362009 2456148 0.881177241615158 -39847.8325751595 0 18.1111464907884 -4.58223903262891 0 -0.000304566836057445 -23178.0108058106 0 -16671.1106716316 -16673.4180244276 23166.2740533934 23184.3851998842 2.30748110318373 -16673.4180244276 -39847.8325751595 -0.00000689136611086598
2456148 0.882225702228262 2456148 0.882427338500794 -39844.4783909067 0 15.0292102007101 -4.58196237893885 0 -0.000304497712349868 -23174.6564361346 0 -16671.1106705333 -16673.4180233151 23166.0008258068 23181.0300360075 2.30748110318373 -16673.4180233151 -39844.4783909067 -0.00000571564066043124
2456148 0.883505801162642 2456148 0.883707437455022 -39841.0427322754 0 11.8723436395639 -4.58167826971143 0 -0.000304427223134547 -23171.2205875867 0 -16671.1106694016 -16673.4180221758 23165.7210296744 23177.593373314 2.30748110318373 -16673.4180221758 -39841.0427322754 -0.00000451312278042317
2456148 0.884775899233189 2456148 0.884977535545262 -39837.6331411648 0 8.73937665617303 -4.58139542526267 0 -0.000304357581890156 -23167.8108079909 0 -16671.11066827 -16673.4180210453 23165.4434083292 23174.1827849853 2.30748110318373 -16673.4180210453 -39837.6331411648 -0.00000332110509358139
2456173 0.790537584920163 2456173 0.790739607401 -32498.3204692281 0 76.4103847064428 -4.62708455584665 0 -0.000172271441619305 -15828.1147185698 0 -16671.0859324279 -16673.3932851954 15757.1671801628 15833.5775648692 2.30748110318373 -16673.3932851954 -32498.3204692281 -0.0000299802000290463
2456173 0.791697646164739 2456173 0.791899668663563 -32495.0896996473 0 73.6007572251495 -4.62693291554204 0 -0.00017220362483268 -15824.8837706552 0 -16671.0859311298 -16673.3932839074 15756.7453680593 15830.3461252845 2.30748110318373 -16673.3932839074 -32495.0896996473 -0.0000288084062552396
2456173 0.792857707396804 2456173 0.793059729913615 -32491.8549945412 0 70.7871984922316 -4.62677967762229 0 -0.00017213589643334 -15821.648886949 0 -16671.0859298318 -16673.3932826194 15756.3235495143 15827.1107480065 2.30748110318373 -16673.3932826194 -32491.8549945412 -0.000027643148915067
2456173 0.794007768012364 2456173 0.794209790547008 -32488.6444382535 0 67.9941621155386 -4.62662610686604 0 -0.000172068842258458 -15818.4381533926 0 -16671.085928567 -16673.3932813425 15755.9053610052 15823.8995231208 2.30748110318373 -16673.3932813425 -32488.6444382535 -0.0000264941092741928
2456283 0.545859928692641 2456283 0.546063652951474 9644.04084091232 0 -66.7569906272434 -4.76891370611898 0 0.000412552312225446 26316.4456970083 0 -16670.9414439806 -16673.2487967705 -26242.6098595857 -26309.366850213 2.30748110318373 -16673.2487967705 9644.04084091232 0.0000260365139443971
2456283 0.54738979442108 2456283 0.547593518703634 9647.97529879118 0 -70.4742948563455 -4.76923482676403 0 0.000412657387164273 26320.3803718299 0 -16670.9414420835 -16673.248794872 -26242.8262167738 -26313.3005116302 2.30748110318373 -16673.248794872 9647.97529879118 0.0000275688903757422
2456283 0.548719677560287 2456283 0.54892340186346 9651.390122291 0 -73.7003684098614 -4.76951221269437 0 0.000412749005568774 26323.7953835821 0 -16670.9414404526 -16673.2487932217 -26243.0142765948 -26316.7146450047 2.30748110318373 -16673.2487932217 9651.390122291 0.0000289100181476181
2456283 0.549929571237178 2456283 0.550133295559111 9654.49233723929 0 -76.6308779554847 -4.76976303827284 0 0.000412832577982711 26326.8977695418 0 -16670.9414389215 -16673.2487917203 -26243.1853561997 -26319.8162341551 2.30748110318373 -16673.2487917203 9654.49233723929 0.0000301378471698504
2456283 0.55147943530849 2456283 0.551683159654454 9658.45970006574 0 -80.3783073925817 -4.77008236160085 0 0.000412939933382776 26330.8653510418 0 -16670.9414370244 -16673.2487897971 -26243.4044905212 -26323.7827979138 2.30748110318373 -16673.2487897971 9658.45970006574 0.0000317219562712131
2456285 0.593889663139827 2456285 0.594093419153766 10041.1166653709 0 -191.013395552538 -4.77820783225124 0 0.000430584110931129 26713.5410953145 0 -16670.9389362241 -16673.2462890095 -26515.3692497363 -26706.3826452889 2.30748110318373 -16673.2462890095 10041.1166653709 0.0000917284929803539
2456285 0.595049559784209 2456285 0.595253315816133 10043.7561392789 0 -193.507428529523 -4.77838809649394 0 0.000430669966729244 26716.1807146055 0 -16670.9389347929 -16673.246287588 -26515.5141835546 -26709.0216120842 2.30748110318373 -16673.246287588 10043.7561392789 0.0000935779184976717
2456285 0.596199457233264 2456285 0.596403213283017 10046.3626432031 0 -195.96975885516 -4.77856509893905 0 0.000430755113398331 26718.7873620488 0 -16670.938933395 -16673.2462861788 -26515.6578572993 -26711.6276161545 2.30748110318373 -16673.2462861788 10046.3626432031 0.0000954383879922177
2456285 0.597359353857392 2456285 0.59756310992513 10048.9813764053 0 -198.443078281815 -4.77874190168226 0 0.00043084102781115 26721.4062394357 0 -16670.9389319638 -16673.2462847574 -26515.8027696634 -26714.2458479452 2.30748110318373 -16673.2462847574 10048.9813764053 0.0000973430153345003
2456285 0.598479253731552 2456285 0.598683009816654 10051.4997384372 0 -200.821054089955 -4.77891091605162 0 0.00043092400195998 26723.9247401939 0 -16670.9389305992 -16673.246283385 -26515.9426747887 -26716.7637288787 2.30748110318373 -16673.246283385 10051.4997384372 0.0000992093633944022
2456501 0.943616142239375 2456501 0.943823252798643 -41951.9921277528 0 -56.1144048190913 -4.55856996478518 0 -0.000377501001920275 -25282.5870374701 0 -16670.8110003346 -16673.1183531054 25345.3923931517 25289.2779883326 2.30748110318373 -16673.1183531054 -41951.9921277528 0.0000217192100772716
2456501 0.944726235939168 2456501 0.944933346515648 -41949.1354981387 0 -58.8240330431636 -4.55830143230547 0 -0.000377448297390901 -25279.7302498918 0 -16670.8109994692 -16673.118352241 25345.2444845372 25286.4204514941 2.30748110318373 -16673.118352241 -41949.1354981387 0.0000228094801884444
2456501 0.945846330082202 2456501 0.946053440676049 -41946.2560409007 0 -61.555155025712 -4.55803043683573 0 -0.000377395452600565 -25276.8506333916 0 -16670.8109985705 -16673.1183513688 25345.0952343732 25283.5400793475 2.30748110318373 -16673.1183513688 -41946.2560409007 0.0000239144734730813
2456501 0.946946422841336 2456501 0.94715353345224 -41943.4309746369 0 -64.2345251017999 -4.55776436734604 0 -0.000377343880603158 -25274.025410861 0 -16670.8109977385 -16673.1183505122 25344.9486404606 25280.7141153588 2.30748110318373 -16673.1183505122 -41943.4309746369 0.0000250047642980737
2456501 0.948026514217146 2456501 0.948233624844797 -41940.6602638003 0 -66.8621792870704 -4.5575031572691 0 -0.000377293565561439 -25271.2545467865 0 -16670.8109968731 -16673.1183496711 25344.8047032797 25277.9425239926 2.30748110318373 -16673.1183496711 -41940.6602638003 0.0000260803097508718
2456502 0.924098812469775 2456502 0.92430593823162 -41859.3011783421 0 -14.6734688254678 -4.56413432521632 0 -0.000371996745796405 -25189.8916918885 0 -16670.8102418668 -16673.1175946351 25211.2460564558 25196.5725876303 2.30748110318373 -16673.1175946351 -41859.3011783421 0.00000558252085498258
2456502 0.92524890949235 2456502 0.925456035272028 -41856.3050442077 0 -17.5090587729779 -4.56385780466086 0 -0.000371937121243595 -25186.8953920681 0 -16670.8102409348 -16673.1175937294 25211.0845675571 25193.5755087841 2.30748110318373 -16673.1175937294 -41856.3050442077 0.00000666499948341147
2456502 0.926389005121312 2456502 0.926596130918667 -41853.3358619739 0 -20.3190833090655 -4.56358354739352 0 -0.000371878325485024 -25183.9260456128 0 -16670.8102400362 -16673.1175928315 25210.9244733908 25190.6053900818 2.30748110318373 -16673.1175928315 -41853.3358619739 0.00000773958908570952
2456502 0.927549102571616 2456502 0.927756228386959 -41850.3156551741 0 -23.1773300829579 -4.56330429757885 0 -0.000371818817932183 -25180.9056717623 0 -16670.8102391375 -16673.1175919179 25210.7615607277 25187.5842306447 2.30748110318373 -16673.1175919179 -41850.3156551741 0.00000883482999689201
2456502 0.928759204125601 2456502 0.928966329959707 -41847.1665781129 0 -26.1574554381104 -4.56301279938136 0 -0.000371757091880986 -25177.7564205611 0 -16670.8102381723 -16673.1175909648 25210.5916154393 25184.4341600012 2.30748110318373 -16673.1175909648 -41847.1665781129 0.00000997947728777554
2456504 0.927456298305787 2456504 0.927663455130087 -41541.966815527 0 -35.9744897775292 -4.56509162952736 0 -0.000359009246843626 -24872.5412590287 0 -16670.8086645879 -16673.1160173644 24915.1446172059 24879.1701274284 2.30748110318373 -16673.1160173644 -41541.966815527 0.000013774041567653
2456504 0.93027653234923 2456504 0.930483689217259 -41534.6075357401 0 -42.8982822692106 -4.56441377473289 0 -0.000358868906529091 -24865.1815722827 0 -16670.8086622914 -16673.1160150919 24914.7068266129 24871.8085443437 2.30748110318373 -16673.1160150919 -41534.6075357401 0.0000164775222987339
2456507 0.94733477207031 2456507 0.947541975718423 -40971.9632791446 0 -103.440840449389 -4.56303310240722 0 -0.000339220739635851 -24302.5084712449 0 -16670.8062175408 -16673.1135703274 24412.4826463799 24309.0418059305 2.30748110318373 -16673.1135703274 -40971.9632791446 0.0000418761776522229
2456507 0.948394858171876 2456507 0.948602061836426 -40969.2550598234 0 -105.961537164255 -4.56277881532926 0 -0.000339175008742102 -24299.8001021473 0 -16670.8062166754 -16673.113569444 24412.2942817515 24306.3327445873 2.30748110318373 -16673.113569444 -40969.2550598234 0.00004303454999525
2456507 0.949474945571832 2456507 0.949682149253129 -40966.5005944696 0 -108.524932130726 -4.56251966883855 0 -0.000339128738075172 -24297.0454845874 0 -16670.8062157435 -16673.1135685438 24412.102354539 24303.5774224083 2.30748110318373 -16673.1135685438 -40966.5005944696 0.0000442237238294942
2456507 0.950565033848607 2456507 0.950772237546807 -40963.7257095307 0 -111.106967350703 -4.56225825905971 0 -0.000339082371326507 -24294.2704462108 0 -16670.8062148448 -16673.1135676354 24411.9086414171 24300.8016740664 2.30748110318373 -16673.1135676354 -40963.7257095307 0.000045433349101103
2456509 0.946346322098418 2456509 0.946553556741601 -40591.8060593945 0 -113.661783657166 -4.56507259128016 0 -0.000326920011956959 -23922.3317763331 0 -16670.8045517607 -16673.1119045349 24042.4677827821 23928.805999125 2.30748110318373 -16673.1119045349 -40591.8060593945 0.0000466423152103311
2456509 0.947356402484367 2456509 0.947563637143212 -40589.2294820639 0 -116.044716367834 -4.5648308188542 0 -0.000326877252136177 -23919.7550565818 0 -16670.8045508954 -16673.1119036746 24042.273343834 23926.2286274662 2.30748110318373 -16673.1119036746 -40589.2294820639 0.0000477811304358682
2456509 0.948376484201495 2456509 0.948583718876156 -40586.6321533767 0 -118.446474460734 -4.56458658343822 0 -0.000326834358925457 -23917.1575843089 0 -16670.80455003 -16673.1119028057 24042.0769720063 23923.6304975456 2.30748110318373 -16673.1119028057 -40586.6321533767 0.0000489402493285395
2456509 0.949366563287579 2456509 0.949573797977591 -40584.1158857184 0 -120.772915062278 -4.56434967042501 0 -0.000326793007318107 -23914.6411775582 0 -16670.8045491646 -16673.1119019624 24041.8863685239 23921.1134534616 2.30748110318373 -16673.1119019624 -40584.1158857184 0.0000500741923439094
2456509 0.950386644521619 2456509 0.950593879227448 -40581.5282746917 0 -123.164937964911 -4.56410570127822 0 -0.000326750692523694 -23912.053423545 0 -16670.8045482992 -16673.1119010935 24041.6899816631 23918.5250436982 2.30748110318373 -16673.1119010935 -40581.5282746917 0.0000512519359463067
2456552 0.763688466796059 2456552 0.763896365330606 -27040.9881023803 0 51.907448977819 -4.6514711525944 0 -0.000104282278008716 -10370.8044582224 0 -16670.7603404574 -16673.0676932407 10323.9072895422 10375.81473852 2.30748110318373 -16673.0676932407 -27040.9881023803 -0.0000200086982409101
2456552 0.764848506922569 2456552 0.765056405475103 -27037.6618177801 0 49.0686586944563 -4.65136477805236 0 -0.000104215166705412 -10367.4779900296 0 -16670.7603390595 -16673.0676918291 10323.41927621 10372.4879349044 2.30748110318373 -16673.0676918291 -27037.6618177801 -0.0000188843297751818
2456552 0.766198553657498 2456552 0.766406452230965 -27033.7874187148 0 45.76160444116 -4.65123863302285 0 -0.000104137147804038 -10363.60337715 0 -16670.7603373953 -16673.0676901863 10322.8513249023 10368.6129293435 2.30748110318373 -16673.0676901863 -27033.7874187148 -0.0000175810346644711
2456552 0.767868611546213 2456552 0.768076510145575 -27028.9900867635 0 41.6661022722462 -4.65107927091169 0 -0.000104040768778103 -10358.8057804606 0 -16670.760335365 -16673.067688154 10322.1487410096 10363.8148432818 2.30748110318373 -16673.067688154 -27028.9900867635 -0.0000159760226831748
2456552 0.769278659841008 2456552 0.769486558462233 -27024.9360329123 0 38.2046139627853 -4.65094194257613 0 -0.000103959516024726 -10354.7515028768 0 -16670.7603336676 -16673.067686438 10321.5555356025 10359.7601495652 2.30748110318373 -16673.067686438 -27024.9360329123 -0.0000146265762283695
2456606 0.653898287432586 2456606 0.654107021545503 -2697.4972859334 0 -41.5845460775604 -4.74307694078656 0 0.000159781166135553 13973.9679185337 0 -16670.6881480565 -16672.9955008416 -13926.9890146637 -13968.5735607413 2.30748110318373 -16672.9955008416 -2697.4972859334 0.0000159626955149426
2456606 0.65506823297265 2456606 0.655276967103707 -2694.14758062797 0 -44.4544335136766 -4.7431707341093 0 0.000159852422301036 13977.3178084302 0 -16670.6881463923 -16672.9954991917 -13927.4686099324 -13971.9230434461 2.30748110318373 -16672.9954991917 -2694.14758062797 0.0000170889434568349
2456606 0.656178180839752 2456606 0.656386914988018 -2690.97189438777 0 -47.1749156545348 -4.74325787070225 0 0.000159920048317133 13980.4936697757 0 -16670.6881448279 -16672.9954976264 -13927.923604657 -13975.0985203116 2.30748110318373 -16672.9954976264 -2690.97189438777 0.0000181611350368279
2456606 0.65727812955086 2456606 0.657486863716182 -2687.82709990037 0 -49.8686141485665 -4.74334247773787 0 0.000159987085311899 13983.6386375711 0 -16670.6881432969 -16672.9954960752 -13928.3744949853 -13978.2431091339 2.30748110318373 -16672.9954960752 -2687.82709990037 0.0000192274499665034
2456867 0.890637290588381 2456867 0.890850075228639 -41989.2308956378 0 69.2289291830364 -4.5731300301521 0 -0.000375331825593097 -25320.1381663428 0 -16670.5007012689 -16672.808054069 25257.6210425514 25326.8499717344 2.30748110318373 -16672.808054069 -41989.2308956378 -0.0000270030536067955
2456867 0.918379631051464 2456867 0.918592416121872 -41917.2086055836 0 1.13567049584188 -4.56659824718064 0 -0.000373766673318508 -25248.1118929349 0 -16670.5006795014 -16672.8080322837 25253.66937177 25254.8050422658 2.30748110318373 -16672.8080322837 -41917.2086055836 -0.000000431468435977956
2456867 0.922369966751085 2456867 0.922582751883364 -41906.7969230577 0 -8.71042724014087 -4.56564021062932 0 -0.00037355489469263 -25237.6996345685 0 -16670.5006763727 -16672.808029149 25253.1005031322 25244.390075892 2.30748110318373 -16672.808029149 -41906.7969230577 0.00000331113706925631
2456883 0.887648183788799 2456883 0.887861216465877 -38739.5023124621 0 -27.6793992150621 -4.58526012287663 0 -0.000277984892886403 -22070.2424502226 0 -16670.4871169137 -16672.7944696883 22104.1320754041 22076.452676189 2.30748110318373 -16672.7944696883 -38739.5023124621 0.0000105656316799157
2456883 0.888738263967848 2456883 0.888951296661828 -38736.550887754 0 -30.3619863561909 -4.58501695253741 0 -0.000277928153206411 -22067.2908624247 0 -16670.4871158819 -16672.7944686729 22103.8623979765 22073.5004116203 2.30748110318373 -16672.7944686729 -38736.550887754 0.000011600226878469
2456883 0.889788341352479 2456883 0.89000137406274 -38733.709117392 0 -32.9447777300584 -4.58478216967773 0 -0.000277873722434459 -22064.4489349971 0 -16670.4871149167 -16672.7944676947 22103.6026097364 22070.6578320064 2.30748110318373 -16672.7944676947 -38733.709117392 0.0000125990935265827
2456883 0.890838418727155 2456883 0.891051451453698 -38730.8687820213 0 -35.5261273266779 -4.58454678771237 0 -0.000277819516190416 -22061.6084426607 0 -16670.4871139181 -16672.7944667165 22103.3428144379 22067.8166871112 2.30748110318373 -16672.7944667165 -38730.8687820213 0.0000136003445786219
2457028 0.57065698998461 2457028 0.570872266000375 10993.4653597442 0 -216.243398553925 -4.77593855306596 0 0.000527881296873643 27665.3085589239 0 -16670.3048378453 -16672.612190624 -27441.7362607185 -27657.9796592725 2.30748110318373 -16672.612190624 10993.4653597442 0.000112250371489554
2457028 0.571856879561315 2457028 0.572072155595684 10995.9556656571 0 -218.706493890965 -4.77615289976519 0 0.000527978312657614 27667.7990018988 0 -16670.3048364807 -16672.6121892725 -27441.7629322067 -27660.4694260977 2.30748110318373 -16672.6121892725 10995.9556656571 0.000114497709430031
2457028 0.573056768662462 2457028 0.573272044715436 10998.4334544549 0 -221.157086932469 -4.77636558228196 0 0.000528075393198326 27670.2769272262 0 -16670.3048351493 -16672.612187921 -27441.7895921159 -27662.9466790483 2.30748110318373 -16672.612187921 10998.4334544549 0.000116784042158672
2457028 0.574216661606042 2457028 0.574431937677 11000.8166217663 0 -223.513978961294 -4.77656961105002 0 0.000528169294816076 27672.6602256751 0 -16670.304833818 -16672.6121866147 -27441.8153523682 -27665.3293313295 2.30748110318373 -16672.6121866147 11000.8166217663 0.000119032310730819
2457205 0.946836661052599 2457205 0.947054687321136 -43105.6802173233 0 107.311454007643 -4.54997945499169 0 -0.000577665036301975 -26436.9414925192 0 -16670.2087729468 -16672.5161257187 26336.5113226947 26443.8227767023 2.30748110318373 -16672.5161257187 -43105.6802173233 -0.0000435282468018776
2457205 0.94785675087011 2457205 0.948074777154464 -43103.3196099355 0 104.888277787279 -4.5497257670194 0 -0.000577600227953354 -26434.5807543932 0 -16670.208772381 -16672.516125153 26336.5730918517 26441.4613696389 2.30748110318373 -16672.516125153 -43103.3196099355 -0.0000424154276136788
2457205 0.948886841637641 2457205 0.949104867937966 -43100.9314576321 0 102.436949455871 -4.5494696160571 0 -0.000577535035392075 -26432.1924698872 0 -16670.2087717819 -16672.5161245817 26336.6354594757 26439.0724089316 2.30748110318373 -16672.5161245817 -43100.9314576321 -0.0000412995647084541
2457206 0.946624581704796 2457206 0.946842623475242 -43157.0657691704 0 101.530698678014 -4.54998078633765 0 -0.000568953385670781 -26488.3304515136 0 -16670.2082232673 -16672.515576061 26393.6901239376 26495.2208226157 2.30748110318373 -16672.515576061 -43157.0657691704 -0.0000408894920206286
2457206 0.947684675070866 2457206 0.947902716857749 -43154.5948228251 0 99.0018577298546 -4.54971737953987 0 -0.000568886744200476 -26485.8593683392 0 -16670.2082226682 -16672.515575465 26393.7471827045 26492.7490404344 2.30748110318373 -16672.515575465 -43154.5948228251 -0.0000397519863249905
2457206 0.94874476889389 2457206 0.94896281069721 -43152.119453216 0 96.468600087441 -4.5494539061748 0 -0.000568820371359464 -26483.383861668 0 -16670.2082220691 -16672.515574869 26393.8042339356 26490.272834023 2.30748110318373 -16672.515574869 -43152.119453216 -0.000038622260078556
2457268 0.867805283794205 2457268 0.868024285664814 -32570.2445793743 0 -107.240202382716 -4.61436321238221 0 -0.000172222716590394 -15900.971394256 0 -16670.1573691135 -16672.4647218828 16013.6695071413 15906.4293047585 2.30748110318373 -16672.4647218828 -32570.2445793743 0.0000436296229389207
2457268 0.869025348960471 2457268 0.869244350849997 -32566.9134380573 0 -110.132855083522 -4.61411331874591 0 -0.000172164100355447 -15897.6400690801 0 -16670.1573677489 -16672.4647205344 16013.2302328109 15903.0973777273 2.30748110318373 -16672.4647205344 -32566.9134380573 0.0000449790085655911
2457268 0.870205411221464 2457268 0.870424413129287 -32563.6976976749 0 -112.924476383781 -4.61387068094508 0 -0.00017210769886935 -15894.4241511627 0 -16670.1573664508 -16672.4647192301 16012.8053537856 15899.8808774018 2.30748110318373 -16672.4647192301 -32563.6976976749 0.0000462956695206264
2457327 0.723346243075289 2457327 0.723566157512709 -6649.30926291796 0 -144.494323121193 -4.73074408407265 0 0.00011343542409635 10021.329754412 0 -16670.0817772538 -16672.3891300434 -9871.76969221852 -10016.2640153397 2.30748110318373 -16672.3891300434 -6649.30926291796 0.0000623555962231941
2457327 0.724506204298367 2457327 0.724726118753772 -6646.13958264565 0 -147.151359187545 -4.73071519386536 0 0.000113502102203426 10024.4996093237 0 -16670.0817756229 -16672.3891284098 -9872.28232649747 -10019.433685685 2.30748110318373 -16672.3891284098 -6646.13958264565 0.000063822776345348
2457327 0.725656165767368 2457327 0.725876080240603 -6643.00499016247 0 -149.777731518002 -4.73068457290833 0 0.000113568077470762 10027.6343744824 0 -16670.081773992 -16672.3891267902 -9872.79053879055 -10022.5682703086 2.30748110318373 -16672.3891267902 -6643.00499016247 0.000065293667518043
2457327 0.726836126449527 2457327 0.727056040941058 -6639.79680436952 0 -152.46444407351 -4.73065102299019 0 0.000113635638177636 10030.8427370448 0 -16670.0817723278 -16672.3891251284 -9873.31200611207 -10025.7764501856 2.30748110318373 -16672.3891251284 -6639.79680436952 0.0000668203532354702
2457395 0.572306367783907 2457395 0.572527334232882 11058.2616730891 0 -229.56544481703 -4.77875248588262 0 0.000543405490216117 27729.7966563601 0 -16669.9930648798 -16672.3004176683 -27492.8875566568 -27722.4530014738 2.30748110318373 -16672.3004176683 11058.2616730891 0.000125044667179372
2457395 0.573726236569561 2457395 0.573947203040551 11061.1043902711 0 -232.395814128076 -4.77900237951893 0 0.000543522339905047 27732.6395301083 0 -16669.9930633154 -16672.3004160902 -27492.8992823683 -27725.2950964964 2.30748110318373 -16672.3004160902 11061.1043902711 0.000127978868950073
2457395 0.575096110051254 2457395 0.575317076543484 11063.8293627505 0 -235.10889513168 -4.77924122298378 0 0.00054363514043456 27735.3646525639 0 -16669.9930617844 -16672.3004145677 -27492.9105779052 -27728.0194730369 2.30748110318373 -16672.3004145677 11063.8293627505 0.000130870797166117
2457620 0.820819030560805 2457620 0.821043489532549 -37114.4263663396 0 93.7499857627526 -4.60518551245398 0 -0.000245201779485948 -20445.7019055428 0 -16669.8613373502 -16672.1686901374 20357.951618909 20451.7016046717 2.30748110318373 -16672.1686901374 -37114.4263663396 -0.0000374219928520931
2457620 0.824599288278208 2457620 0.824823747308565 -37104.2586051984 0 84.6663628271659 -4.60453994279898 0 -0.000244977594933529 -20435.53358274 0 -16669.8613336225 -16672.1686863974 20356.8648907284 20441.5312535556 2.30748110318373 -16672.1686863974 -37104.2586051984 -0.0000334793318347503
2457626 0.878042024162836 2457626 0.878266577053021 -35087.048645763 0 -85.3281838358494 -4.60295237931146 0 -0.00020979934324585 -18418.217550146 0 -16669.8552342274 -16672.162587016 18509.2804146107 18423.9522307748 2.30748110318373 -16672.162587016 -35087.048645763 0.0000338446532998219
2457626 0.879072087849684 2457626 0.879296640755841 -35084.2369724069 0 -87.8073605718373 -4.60273244095921 0 -0.000209749062126651 -18415.4057214551 0 -16669.8552331623 -16672.162585941 18508.9471983596 18421.1398377877 2.30748110318373 -16672.162585941 -35084.2369724069 0.0000349172257764827
2457626 0.880092150370667 2457626 0.88031670329264 -35081.45623557 0 -90.2588225884372 -4.60251396708751 0 -0.000209699487893824 -18412.6248310808 0 -16669.8552320972 -16672.1625848765 18508.6172109886 18418.3583884002 2.30748110318373 -16672.1625848765 -35081.45623557 0.0000359858086700028
2457626 0.881192217939886 2457626 0.881416770878916 -35078.4615746364 0 -92.8983760005973 -4.60227771974728 0 -0.000209646271367775 -18409.6300047607 0 -16669.8552309323 -16672.1625837285 18508.2613350638 18415.3629590632 2.30748110318373 -16672.1625837285 -35078.4615746364 0.0000371456125978427
2457626 0.882262283427159 2457626 0.882486836382781 -35075.5528595733 0 -95.4616610595015 -4.60204726376196 0 -0.000209594753032433 -18406.7211290707 0 -16669.8552298339 -16672.1625826118 18507.9151578098 18412.4534967503 2.30748110318373 -16672.1625826118 -35075.5528595733 0.0000382814149422874
2457626 0.88346235741122 2457626 0.883686910385449 -35072.2959056792 0 -98.3312079324465 -4.60178811727125 0 -0.000209537267455921 -18403.463995345 0 -16669.8552285691 -16672.1625813595 18507.5269131168 18409.1957051843 2.30748110318373 -16672.1625813595 -35072.2959056792 0.0000395644797831078
2458355 0.909370577143042 2458355 0.909606433808265 -35466.0731847963 0 -149.52302120308 -4.59166649305885 0 -0.000216055483683636 -18797.8814230429 0 -16669.2369726747 -16671.5443254694 18953.1750048735 18803.6519836704 2.30748110318373 -16671.5443254694 -35466.0731847963 0.00006515741978505
2458355 0.9101906282969 2458355 0.910426484974838 -35463.9464541541 0 -151.391645995568 -4.59147950551906 0 -0.00021602086463438 -18795.7545749426 0 -16669.2369718426 -16671.5443246243 18952.9163289444 18801.5246829488 2.30748110318373 -16671.5443246243 -35463.9464541541 0.0000662154653410995
2458355 0.911000679207405 2458355 0.911236535897903 -35461.8496211154 0 -153.233516614442 -4.5912946481328 0 -0.000215986835069695 -18793.6576261434 0 -16669.2369710105 -16671.5443237896 18952.6608040482 18799.4272874338 2.30748110318373 -16671.5443237896 -35461.8496211154 0.0000672691211165579
2458355 0.911800729409087 2458355 0.912036586111989 -35459.7825883255 0 -155.048730935886 -4.59111185433278 0 -0.000215953389561363 -18791.5904792571 0 -16669.2369701784 -16671.5443229651 18952.408430458 18797.3596995222 2.30748110318373 -16671.5443229651 -35459.7825883255 0.0000683182391647545
2458355 0.912610780308348 2458355 0.912846637023811 -35457.6937267207 0 -156.882622286625 -4.59092659754274 0 -0.000215919692678003 -18789.5015023245 0 -16669.2369693463 -16671.5443221303 18952.1528987864 18795.2702764998 2.30748110318373 -16671.5443221303 -35457.6937267207 0.0000693892178236208
2458355 0.913420830736278 2458355 0.913656687464301 -35455.6089479545 0 -158.712426772974 -4.5907412076181 0 -0.000215886164258984 -18787.4166084635 0 -16669.2369685142 -16671.5443212955 18951.897363853 18793.18493708 2.30748110318373 -16671.5443212955 -35455.6089479545 0.0000704691708467006
2458355 0.91423088162427 2458355 0.914466738364852 -35453.528297792 0 -160.538098843802 -4.59055548485697 0 -0.000215852804977045 -18785.3358434391 0 -16669.2369676821 -16671.5443204608 18951.6418253639 18791.1037265201 2.30748110318373 -16671.5443204608 -35453.528297792 0.0000715582772858078
2458355 0.915040932506643 2458355 0.915276789259786 -35451.4518244279 0 -162.359589898637 -4.59036969552854 0 -0.000215819615558383 -18783.2592554461 0 -16669.2369668501 -16671.544319626 18951.3862834662 18789.0266935675 2.30748110318373 -16671.544319626 -35451.4518244279 0.0000726567173836967
2458355 0.91585098338341 2458355 0.916086840149113 -35449.3795754246 0 -164.176852498988 -4.59018377306551 0 -0.000215786596705436 -18781.1868920468 0 -16669.236966018 -16671.5443187912 18951.1307381598 18786.9538856608 2.30748110318373 -16671.5443187912 -35449.3795754246 0.0000737646751301868
2458675 0.94577523936009 2458675 0.946016058253108 -43282.4073145231 0 52.5939969609954 -4.54902428083418 0 -0.000502566516690327 -26614.9231069635 0 -16668.9640419938 -16671.2713947827 26569.2410401379 26621.8350370989 2.30748110318373 -16671.2713947827 -43282.4073145231 -0.0000202860703116259
2458675 0.947565398425907 2458675 0.947806217346682 -43278.0119002067 0 48.2127171862019 -4.54858187457236 0 -0.00050246328372518 -26610.5274493768 0 -16668.9640408621 -16671.2713936612 26569.2254411732 26617.4381583594 2.30748110318373 -16671.2713936612 -43278.0119002067 -0.0000185505858456655
2458675 0.949325554573852 2458675 0.949566373521918 -43273.6841497512 0 43.8988855540863 -4.5481470569825 0 -0.000502362563515143 -26606.199459379 0 -16668.9640397637 -16671.2713925584 26569.2100812992 26613.1089668533 2.30748110318373 -16671.2713925584 -43273.6841497512 -0.0000168537065902528
2458675 0.950965700063039 2458675 0.951206519036536 -43269.6465850524 0 39.8743097088069 -4.5477420615421 0 -0.000502269417987188 -26602.1616711804 0 -16668.964038732 -16671.2713915307 26569.1957487469 26609.0700584557 2.30748110318373 -16671.2713915307 -43269.6465850524 -0.0000152802198519474
2458675 0.952475833934686 2458675 0.952716652931598 -43265.925280654 0 36.1649809578454 -4.54736928467388 0 -0.000502184266565792 -26598.4401607895 0 -16668.9640378 -16671.2713905845 26569.1825353012 26605.3475162591 2.30748110318373 -16671.2713905845 -43265.925280654 -0.0000138373886516344
2458679 0.942918974088244 2458679 0.943159854957767 -43172.5219253585 0 33.678630253689 -4.5498715494018 0 -0.000471925836236171 -26505.0341419368 0 -16668.9615076103 -16671.2688603793 26478.2488519003 26511.927482154 2.30748110318373 -16671.2688603793 -43172.5219253585 -0.0000128738835188743
2458679 0.943729045831242 2458679 0.943969926713324 -43170.500645737 0 31.6863831177187 -4.5496722469119 0 -0.000471880579343335 -26503.0127504821 0 -16668.9615070445 -16671.2688598447 26478.2191515307 26509.9055346484 2.30748110318373 -16671.2688598447 -43170.500645737 -0.0000121037697116974
2458679 0.944529116608416 2458679 0.944769997502904 -43168.503505814 0 29.7179215857917 -4.54947540741202 0 -0.000471836041540784 -26501.0155000242 0 -16668.9615065452 -16671.2688593166 26478.1898133842 26507.90773497 2.30748110318373 -16671.2688593166 -43168.503505814 -0.0000113444185111655
2458679 0.945339188340549 2458679 0.945580069247598 -43166.480628078 0 27.7240851214816 -4.54927617148942 0 -0.00047179111033109 -26498.9925103553 0 -16668.9615060127 -16671.268858782 26478.1601040016 26505.8841891231 2.30748110318373 -16671.268858782 -43166.480628078 -0.0000105767620873042
2458679 0.946159261027436 2458679 0.9464001419472 -43164.4320366596 0 25.7048979597562 -4.54907447257679 0 -0.000471745792780331 -26496.9438055728 0 -16668.9615054469 -16671.2688582407 26478.130023215 26503.8349211747 2.30748110318373 -16671.2688582407 -43164.4320366596 -0.00000980075863243666
2458680 0.942667201268206 2458680 0.942908097639023 -43126.5451118485 0 27.7971019391248 -4.5501467386113 0 -0.000464489951095554 -26459.0554267987 0 -16668.9608526879 -16671.2682054886 26438.1438251217 26465.9409270608 2.30748110318373 -16671.2682054886 -43126.5451118485 -0.0000106048519083143
2458680 0.943467271928053 2458680 0.943708168311275 -43124.5410059906 0 25.8271969444408 -4.54995023194791 0 -0.000464445712489367 -26457.0512100731 0 -16668.9608521554 -16671.2682049537 26438.10896387 26463.9361608145 2.30748110318373 -16671.2682049537 -43124.5410059906 -0.00000984772369452916
2458680 0.944267342582549 2458680 0.944508238978176 -43122.5362399516 0 23.8566358178089 -4.54975359214993 0 -0.00046440163383445 -26455.0463330664 0 -16668.9608516229 -16671.2682044189 26438.0740981921 26461.9307340099 2.30748110318373 -16671.2682044189 -43122.5362399516 -0.00000909160013927071
2458680 0.945067413231692 2458680 0.945308309639724 -43120.5308634572 0 21.885468620709 -4.54955701891924 0 -0.000464357716051737 -26453.0408456043 0 -16668.9608510903 -16671.268203884 26438.039228088 26459.9246967087 2.30748110318373 -16671.268203884 -43120.5308634572 -0.0000083364003910048
2458680 0.945877484834171 2458680 0.946118381254764 -43118.4998487344 0 19.8890953978052 -4.54935811583313 0 -0.000464313414131736 -26451.0097184826 0 -16668.9608505578 -16671.2682033425 26438.0039175948 26457.8930129926 2.30748110318373 -16671.2682033425 -43118.4998487344 -0.00000757261929931526
2458704 0.888521976150768 2458704 0.888763243806802 -39970.4187280757 0 4.69810632799894 -4.57820578661668 0 -0.000308407115241042 -23302.771876271 0 -16668.9425234158 -16671.2498761859 23304.4634792525 23309.1615855805 2.30748110318373 -16671.2498761859 -39970.4187280757 -0.0000017854018800461
2458704 0.889442047698192 2458704 0.889683315368492 -39967.9489597053 0 2.42748112842751 -4.57799829634914 0 -0.000308357132879469 -23300.3019714044 0 -16668.9425225837 -16671.2498753727 23304.2636089703 23306.6910900987 2.30748110318373 -16671.2498753727 -39967.9489597053 -0.000000922450918810871
2458704 0.890332117143243 2458704 0.890573384827344 -39965.5596435394 0 0.230819066506795 -4.57779732967679 0 -0.00030830893562688 -23297.9125231023 0 -16668.9425218181 -16671.2498745861 23304.0702511312 23304.3010701977 2.30748110318373 -16671.2498745861 -39965.5596435394 -0.0000000877118132341701
2458704 0.891222186115501 2458704 0.891463453813402 -39963.1703168558 0 -1.9658491038829 -4.57759583046606 0 -0.000308260892385824 -23295.5230644158 0 -16668.9425210193 -16671.2498737995 23303.8768884621 23301.9110393582 2.30748110318373 -16671.2498737995 -39963.1703168558 0.000000747066219604645
2458704 0.89211225554636 2458704 0.892353523258062 -39960.7810460554 0 -4.16245661321879 -4.57739399841884 0 -0.000308213004384271 -23293.1336615126 0 -16668.9425202205 -16671.2498730129 23303.6835207606 23299.5210641474 2.30748110318373 -16671.2498730129 -39960.7810460554 0.00000158199337758549
2458704 0.89302232621094 2458704 0.893263593936753 -39958.3382155733 0 -6.40828944520814 -4.57718737352617 0 -0.000308164202128917 -23290.6906959988 0 -16668.9425194217 -16671.2498722086 23303.4858026884 23297.0775132432 2.30748110318373 -16671.2498722086 -39958.3382155733 0.00000243595031746034
2458704 0.893922396014928 2458704 0.894163663754697 -39955.9224318836 0 -8.62923568351075 -4.57698254595054 0 -0.00030811609845959 -23288.2747788083 0 -16668.9425186229 -16671.2498714131 23303.2902522886 23294.661016605 2.30748110318373 -16671.2498714131 -39955.9224318836 0.00000328090306444545
2458704 0.894852468370943 2458704 0.895093736125133 -39953.4264087385 0 -10.9239217238321 -4.57677052910674 0 -0.000308066562271256 -23285.7786177025 0 -16668.9425177908 -16671.249870591 23303.0881781942 23292.1642564703 2.30748110318373 -16671.249870591 -39953.4264087385 0.00000415453895765389
2458704 0.895762539013191 2458704 0.896003806781492 -39950.9844213978 0 -13.1688968247847 -4.57656270600271 0 -0.000308018260936808 -23283.33649533 0 -16668.942516992 -16671.2498697867 23302.8904446003 23289.7215477755 2.30748110318373 -16671.2498697867 -39950.9844213978 0.00000501001533761939
2458704 0.896682610500955 2458704 0.896923878283521 -39948.5160340659 0 -15.4381018572454 -4.57635222020677 0 -0.000307969600674062 -23280.8679716017 0 -16668.9425161932 -16671.2498689735 23302.6905328529 23287.2524309957 2.30748110318373 -16671.2498689735 -39948.5160340659 0.00000587564534930386
2458707 0.840778200251599 2458707 0.84101951368295 -39399.4518853752 0 101.701255566255 -4.59049464234669 0 -0.000293501550854227 -22731.7759061839 0 -16668.9399022951 -16671.2472550934 22636.3889274686 22738.0901830349 2.30748110318373 -16671.2472550934 -39399.4518853752 -0.0000409733935491682
2458707 0.841748273753599 2458707 0.841989587199992 -39396.9104484884 0 99.3873238074974 -4.59030885301826 0 -0.000293443122735875 -22729.2343288068 0 -16668.9399014297 -16671.2472542105 22636.1607116446 22735.5480354521 2.30748110318373 -16671.2472542105 -39396.9104484884 -0.0000399313889921937
2458707 0.842678344375292 2458707 0.842919657836106 -39394.4703219034 0 97.1653248742083 -4.59013005325611 0 -0.00029338719798336 -22726.7940674563 0 -16668.9399005644 -16671.247253364 22635.9419014291 22733.1072263033 2.30748110318373 -16671.247253364 -39394.4703219034 -0.0000389385058303139
2458707 0.843568411651948 2458707 0.843809725126562 -39392.1320196527 0 95.0357717324718 -4.58995824306024 0 -0.000293333766308796 -22724.4556359652 0 -16668.9398997656 -16671.2472525539 22635.7324976034 22730.7682693359 2.30748110318373 -16671.2472525539 -39392.1320196527 -0.0000379938100022555
2458707 0.844508483093087 2458707 0.844749796582277 -39389.6591039805 0 92.7833365349924 -4.5897759817986 0 -0.000293277427590238 -22721.9825836636 0 -16668.9398989002 -16671.2472516983 22635.5113242504 22728.2946607854 2.30748110318373 -16671.2472516983 -39389.6591039805 -0.0000370016999164204
2458707 0.845458554894969 2458707 0.84569986839889 -39387.1565714856 0 90.5036340591083 -4.58959105784505 0 -0.000293220590163589 -22719.4799128752 0 -16668.9398980348 -16671.2472508335 22635.2877926799 22725.791426739 2.30748110318373 -16671.2472508335 -39387.1565714856 -0.0000360047731449571
2458707 0.846398626320492 2458707 0.846639939838989 -39384.6771850393 0 88.2447360028825 -4.58940726553556 0 -0.000293164452278467 -22717.0003894001 0 -16668.9398972027 -16671.2472499778 22635.0666086375 22723.3113446404 2.30748110318373 -16671.2472499778 -39384.6771850393 -0.0000350238483093368
2458707 0.847348698106571 2458707 0.847590011639799 -39382.1682746984 0 85.9586636553672 -4.58922081053415 0 -0.00029310782129789 -22714.4913403995 0 -16668.9398963373 -16671.247249113 22634.843066264 22720.8017299194 2.30748110318373 -16671.247249113 -39382.1682746984 -0.000034037886726245
2458707 0.848318771552591 2458707 0.84856008510086 -39379.6033637527 0 83.6212863294305 -4.58902969582189 0 -0.000293050107861006 -22711.9262877653 0 -16668.9398954387 -16671.24724823 22634.6148120956 22718.2360984251 2.30748110318373 -16671.24724823 -39379.6033637527 -0.0000330365931352882
2458707 0.849298845824166 2458707 0.849540159387632 -39377.0088346863 0 81.2566408326036 -4.58883571871582 0 -0.000292991913966992 -22709.3316153129 0 -16668.93989454 -16671.2472473378 22634.3841990245 22715.6408398571 2.30748110318373 -16671.2472473378 -39377.0088346863 -0.0000320303647088923
2458707 0.850258918885396 2458707 0.850500232463748 -39374.4642459711 0 78.9372485024062 -4.58864500340735 0 -0.000292935021140077 -22706.7868859411 0 -16668.9398936746 -16671.2472464638 22634.1582866662 22713.0955351686 2.30748110318373 -16671.2472464638 -39374.4642459711 -0.0000310497491467544
2458710 0.904725756082829 2458710 0.904967117021294 -38474.8864419717 0 -74.1591841624238 -4.57970428305962 0 -0.000272803298836175 -21807.1618578691 0 -16668.9370969828 -16671.2444497818 21887.4872229017 21813.3280387393 2.30748110318373 -16671.2444497818 -38474.8864419717 0.0000291092635694424
2458710 0.905775832556263 2458710 0.90601719351101 -38472.0778937172 0 -76.7022710723987 -4.57946291003745 0 -0.000272752835763711 -21804.3531544129 0 -16668.9370960175 -16671.2444487962 21887.2209574395 21810.5186863671 2.30748110318373 -16671.2444487962 -38472.0778937172 0.0000301757781155784
2458710 0.906725901449752 2458710 0.906967262419229 -38469.5397104403 0 -79.0002691309817 -4.57924423646386 0 -0.000272707398549027 -21801.814830912 0 -16668.9370951189 -16671.2444479044 21886.9800450063 21807.9797758753 2.30748110318373 -16671.2444479044 -38469.5397104403 0.0000311457069516046
2458710 0.907635967586884 2458710 0.907877328570472 -38467.1110450465 0 -81.1988569179028 -4.57903454947549 0 -0.000272664071611382 -21799.3860313185 0 -16668.9370942535 -16671.2444470501 21886.7492711741 21805.5504142562 2.30748110318373 -16671.2444470501 -38467.1110450465 0.0000320793951173327
2458710 0.908526032575492 2458710 0.908767393572881 -38464.7383321958 0 -83.346543599883 -4.57882918936148 0 -0.000272621884640368 -21797.0131873968 0 -16668.9370934214 -16671.2444462146 21886.5235644431 21803.1770208432 2.30748110318373 -16671.2444462146 -38464.7383321958 0.0000329970556464475
2458710 0.909446099501397 2458710 0.909687460513051 -38462.2883912945 0 -85.563868231987 -4.578616573412 0 -0.000272578471976686 -21794.5631110976 0 -16668.937092556 -16671.244445351 21886.2902447223 21800.7263764903 2.30748110318373 -16671.244445351 -38462.2883912945 0.0000339504643084335
2458737 0.791688564256391 2458737 0.791930342082535 -29660.5112811403 0 26.3457688138246 -4.63718867285971 0 -0.000135360762858033 -12992.3247451194 0 -16668.9089286978 -16671.2162814737 12971.1793028221 12997.5250716359 2.30748110318373 -16671.2162814737 -29660.5112811403 -0.0000100469819904443
2458737 0.792898616609419 2458737 0.793140394454326 -29657.0512054577 0 23.3652930946869 -4.63703223970965 0 -0.000135291791234329 -12988.8644784885 0 -16668.9089272666 -16671.2162800592 12970.6990567186 12994.0643498133 2.30748110318373 -16671.2162800592 -29657.0512054577 -0.00000890331527868911
2458737 0.794108669414158 2458737 0.794350447277826 -29653.5897671091 0 20.3834583068069 -4.63687400924255 0 -0.000135222947881636 -12985.4028490918 0 -16668.9089258687 -16671.2162786447 12970.2188050959 12990.6022634028 2.30748110318373 -16671.2162786447 -29653.5897671091 -0.00000776171554862475
2458737 0.795288720211175 2458737 0.79553049809314 -29650.2130058583 0 17.4744126819974 -4.63671797549628 0 -0.000135155938323444 -12982.0259014858 0 -16668.9089244708 -16671.2162772652 12969.7504556726 12987.2248683546 2.30748110318373 -16671.2162772652 -29650.2130058583 -0.00000665014567106528
2458737 0.796488772479062 2458737 0.796730550379634 -29646.7780164945 0 14.5150700729946 -4.63655768144295 0 -0.000135087924836703 -12978.5907224718 0 -16668.9089230729 -16671.2162758623 12969.2741626734 12983.7892327464 2.30748110318373 -16671.2162758623 -29646.7780164945 -0.00000552121429706683
2458737 0.797678823758386 2458737 0.79792060167741 -29643.3708303606 0 11.5795701737622 -4.63639698798583 0 -0.000135020612787859 -12975.1833482853 0 -16668.908921675 -16671.2162744711 12968.8018338156 12980.3814039894 2.30748110318373 -16671.2162744711 -29643.3708303606 -0.00000440289999458232
2458737 0.798868875489862 2458737 0.799110653427338 -29639.9629883725 0 8.64341821837425 -4.63623476348085 0 -0.00013495343808121 -12971.7753182112 0 -16668.9089203103 -16671.2162730798 12968.3294996139 12976.9729178323 2.30748110318373 -16671.2162730798 -29639.9629883725 -0.00000328552575094337
