MJD RV eRV
57512.66214753 -1144.81462145261 0.0487487113065975
57517.26183812 -1147.18925572146 0.0630537221697279
57517.26231246 -1146.32560672466 0.0598385839411079
57517.26278586 -1145.17385617714 0.0471064758691118
57517.26320441 -1144.73099239154 0.0741575714849476
57517.26372909 -1145.13459826249 0.0790287379618032
57517.26420365 -1144.12668829729 0.0788172395058522
57517.26467509 -1144.94210123105 0.0755467599109588
57517.26514757 -1143.26241177345 0.0663681385844855
57517.26556577 -1145.33675291981 0.0569372704612116
57517.26608802 -1142.31711011004 0.113148004281835
57517.26656131 -1142.76676985813 0.0611664339256605
57517.26698507 -1145.81924252591 0.0853308369828596
57517.26750743 -1145.37054963255 0.0511395442519779
57517.26793049 -1144.07473739513 0.0975529957136321
57517.26840112 -1144.86824502167 0.0654163478373927
57517.26892302 -1146.22895031858 0.0539903743344035
57517.26939515 -1146.1014612485 0.078392114161608
57517.26986416 -1144.71960195484 0.0967791881877661
57517.27033699 -1144.25115032274 0.05612432284072
57517.27081144 -1144.61781247501 0.0619812596303978
57517.27123438 -1143.96258475182 0.0522035105351814
57517.2717542 -1142.75029251881 0.0748886451602346
57517.27222448 -1142.13043109317 0.0663708043027748
57517.27269997 -1144.28673504032 0.0762276647929794
57517.27317326 -1145.35702371613 0.0836031463000945
57517.2736506 -1143.84502438797 0.132030735172868
57517.27412771 -1142.97604395809 0.0859001754442295
57517.27460065 -1145.41990115616 0.0831716796814634
57517.27502278 -1145.96916180648 0.0607158332646461
57513.32404626 -1142.77521882818 0.166902468404223
57517.32383735 -1144.39182656531 0.0834116699847353
57517.32430868 -1143.00950817142 0.101026589554071
57517.3247815 -1143.98505640576 0.0844897671976828
57517.32525514 -1143.77889385581 0.0823472719502693
57517.3257289 -1142.84642560725 0.16565493788672
57517.32620068 -1141.6027680924 0.157526578039007
57517.32667374 -1139.57257403301 0.114822636486641
57517.32714819 -1140.51893757329 0.176306947463691
57517.32762206 -1141.5765638074 0.104397716698735
57517.32809744 -1144.99570697833 0.197291729290593
57517.32857072 -1143.57674060498 0.152161847231446
57517.32904471 -1144.1766345334 0.150701879811009
57517.3295158 -1143.43339383831 0.118498595174194
57517.32993817 -1146.48195017214 0.130403273724574
57516.20353564 -1128.94140641301 0.0468501121706347
57521.2031609 -1137.0144576951 0.0556844122571003
57521.2036335 -1136.26057411091 0.0400698303386095
57521.20405505 -1139.43930570552 0.0487194843545063
57521.20457568 -1142.09273851055 0.0345530277623967
57521.20504805 -1144.74329287078 0.0375438905255206
57521.20547655 -1139.45674160927 0.0391654519651482
57521.20594741 -1141.86923238859 0.0298887991536956
57521.20642139 -1144.87544705775 0.030105598493658
57521.20694329 -1138.98041635364 0.0467107188635074
57521.20741751 -1141.33554363265 0.0426668982089546
57521.20789058 -1145.20330948023 0.0368836271751702
57526.59296369 -1156.85681903968 0.0361507276583607
57531.1926544 -1157.05878963303 0.0300476154148706
57531.19312607 -1157.16064728948 0.0300593061376292
57531.19359485 -1156.82582476083 0.0272705373459019
57531.19406756 -1157.3173032405 0.0425977014327198
57531.19453981 -1157.88635759618 0.0307085956523212
57531.19501136 -1156.99187060665 0.0359020948655169
57531.19548326 -1157.62030066065 0.0336372927227888
57531.19595574 -1157.86804560018 0.0285067845217983
57531.19643864 -1156.3562124978 0.0386911626036657
57531.19691124 -1157.40113443283 0.0284001865685123
57531.19738395 -1157.42398363145 0.0365006508487392
57531.19785793 -1157.47606829836 0.0390235160454744
57526.19917914 -1157.14517714122 0.0479047175807817
57531.1987941 -1155.89316150082 0.0468923033172523
57532.29583457 -1153.59651030839 0.0410514028033517
57532.29628171 -1155.07632718991 0.0523668906907237
57532.29682652 -1153.74594185079 0.0378816274918755
57532.29732146 -1153.16304218868 0.0366024416169352
57532.29781524 -1153.28040258767 0.0351012661880445
57532.29831191 -1153.99406345777 0.0236709054163208
57532.29880673 -1153.78193077362 0.0274805713397291
57532.29979741 -1153.00106590398 0.0350348020137036
57532.30029235 -1152.4917833865 0.0365500558531624
57532.30078728 -1151.52886236925 0.0347118119555421
57532.3012806 -1154.62307919078 0.0265822394157968
57532.30177519 -1153.54242492958 0.0414467261870804
57532.30227139 -1152.29746956668 0.0327494848312108
57534.27604651 -1132.15008783687 0.0612522441419777
57534.2775121 -1126.40892987617 0.0454456540710891
57534.2798723 -1137.05522148671 0.0505324617043262
57534.28082016 -1128.38179230281 0.0770804091226232
57534.28129449 -1129.14027313989 0.0557243660289603
57539.21483426 -1160.36121031305 0.0273074175722447
57539.21530362 -1159.82128161429 0.025014979719802
57539.21578096 -1160.40472693526 0.0192105761728932
57539.21662464 -1161.36134351167 0.0250240759519976
57539.21709747 -1160.86149681786 0.0271779745656609
57539.2183083 -1162.55947742121 0.0233362602173766
57539.21878089 -1162.24383883571 0.0212619411822675
57539.21925036 -1161.74407974699 0.0218733382741611
57539.21972296 -1161.77213338201 0.0188331281224103
57539.22019532 -1161.37090985568 0.0184342041954397
57539.2206656 -1160.28401444566 0.0173582167688328
57539.22113808 -1160.77019404768 0.0193226685468775
57539.22161172 -1161.40504501645 0.0220646908713202
57539.22208571 -1160.91151820052 0.0205911133952509
57539.222559 -1162.34506169816 0.0189972247617207
57539.22303229 -1161.73220347025 0.0174047599050933
57539.22350454 -1161.48445621324 0.0197009081395269
57539.2865692 -1158.16169812827 0.0245313464660839
57539.28704087 -1155.75979609829 0.0503958115381307
57539.28752631 -1154.53051110009 0.0272450088113045
57539.28799752 -1157.96568583541 0.0247843940423421
57539.28846919 -1154.45863994097 0.0306697582834041
57539.28894364 -1158.48533384003 0.0476418667552946
57539.28941577 -1157.88256723834 0.0289477271272464
57539.28988686 -1156.75734364358 0.0258656103473643
57539.2903605 -1158.79843859953 0.0292288434515634
57539.29083437 -1158.49509676842 0.0257597494607392
57539.29130835 -1158.26712531193 0.0303801162582221
57539.29177967 -1158.37092504884 0.0229515576555041
57536.22723563 -1160.41983228126 0.026913282439628
57541.12687696 -1157.93208288195 0.0325437601810446
57541.12734979 -1158.4944447324 0.0289187967237458
57541.12782389 -1152.91345087037 0.0292329207231073
57541.12829591 -1155.76417064361 0.0323717314166114
57541.12876712 -1158.39516048661 0.0266311269122486
57541.12923867 -1156.72982151745 0.0338575949272504
57541.12971115 -1154.53733774353 0.028872159513918
57541.1301827 -1159.03148697371 0.0256258787563852
57541.13065831 -1154.22903689041 0.0248995569282032
57541.13108172 -1146.99750583933 0.0327988162183493
57541.13160396 -1146.72197687293 0.029661885430271
57536.36851369 -1162.05937592128 0.0255304620984879
57541.26815178 -1161.73584336333 0.0303781425435536
57541.26862611 -1161.70336783312 0.0252407977001009
57541.26909789 -1161.56459487002 0.0237136768590288
57541.26957257 -1159.88056084174 0.0270887351124271
57541.27005362 -1160.69819438753 0.0282308726235728
57541.27052344 -1160.67639553449 0.0277349069260016
57541.27099569 -1160.73396919285 0.0257369723350431
57541.27146921 -1158.67785447641 0.0305736935224028
57541.27194261 -1158.36733140891 0.0271593762599296
57541.27241556 -1158.18906513623 0.0232833439795616
57541.27288456 -1159.46593652663 0.0233388701121155
57572.3059103 -1176.87479987013 0.0242076545460679
57577.10609003 -1175.0218655166 0.0261092618716806
57577.10668127 -1176.49172451821 0.0234334412194232
57577.10727169 -1177.35076908488 0.0221125097164782
57577.10786235 -1176.04893258703 0.031914671830097
57577.10845104 -1173.36479493791 0.0240170242654841
57577.10904159 -1169.28545013125 0.0310683165108841
57577.10963167 -1175.52465316464 0.0268632034521166
57577.11022221 -1175.72612217501 0.0313187216988089
57577.11081379 -1174.79197760287 0.02488865951506
57571.98270795 -1174.58550891375 0.0290491186501945
57577.18286092 -1177.36500447551 0.0234980226468925
57577.18345308 -1178.34503036924 0.023823828505941
57577.18404212 -1178.86478155209 0.0302354049282611
57577.18463185 -1176.80807614469 0.0267255382068088
57577.18522193 -1178.99676477866 0.0243348391858703
57577.18581236 -1179.54643775746 0.0271029289345752
57577.18641401 -1178.69622844367 0.0266794678718054
57577.18700467 -1174.51843461304 0.0262465130382066
57577.18759475 -1177.47602613467 0.0278744251341537
57573.285991 -1183.13623430255 0.0249131229642769
57579.08609177 -1183.83091806253 0.0235549118655654
57579.08668011 -1184.31355906739 0.0272808760001019
57579.08727042 -1187.03612534973 0.0226610194610194
57576.58905293 -1177.18801503634 0.0338095729929301
57571.34190776 -1181.04339547389 0.0235446608981871
57576.59186605 -1181.73025482187 0.0256415176352835
57576.59239791 -1184.80794515988 0.0290897890349675
57576.59293035 -1185.19266552128 0.0270097984670586
57576.59346348 -1177.8143160817 0.0314248253398874
57576.59394592 -1180.2738823284 0.0456006242213457
57576.59452755 -1182.1070881759 0.0324582575444755
57576.59506137 -1182.24740269015 0.0275664070825703
57576.59559219 -1182.66407171343 0.0301958191424802
57576.59612579 -1184.87901824416 0.0265248141911002
57570.82524744 -1168.99926458557 0.0302689652336039
57576.67511768 -1172.89966734537 0.0402891791352672
57576.67565047 -1165.49028397118 0.0457521117025591
57576.67618499 -1160.72054595374 0.0722911905088139
57576.67671476 -1176.48796395268 0.0551712548216678
57576.67724755 -1178.28678067136 0.0354973135789946
57576.67778056 -1177.17074174454 0.03264324721967
57576.67831207 -1177.83902009994 0.0463137060343636
57576.67884625 -1181.2832704215 0.0381124101248151
57576.67937741 -1177.36211062135 0.03686846987945
57576.67990928 -1177.54675035479 0.0383505951894682
57585.08317544 -1180.18588263693 0.0306943392064337
57585.08376355 -1182.01353656451 0.0324313329526312
57585.08430513 -1181.1320614752 0.029934043384917
57585.08494405 -1178.67360988964 0.0290824669528688
57585.08553541 -1180.682403278 0.0271053287390344
57585.08612479 -1178.06462927189 0.0323014901369272
57585.0867158 -1181.21806047654 0.0257218692908328
57585.0873053 -1180.67404994377 0.0365565442450782
57585.08848569 -1180.73460298801 0.0305413756011931
57582.65981887 -1183.48739164708 0.0342772488574286
57582.66034968 -1182.941326657 0.0292807437402603
57582.66083166 -1182.51462015365 0.0312280591832323
57582.6614141 -1183.48743323218 0.0343153192936245
57582.66194642 -1182.94023814941 0.029255744346437
57582.66247967 -1180.64066836843 0.0302171464076888
57582.66301141 -1179.05330995299 0.0413097929504157
57582.66354442 -1180.0536794623 0.0323548657780417
57582.66407721 -1181.98180575252 0.0319290500977797
57582.66460849 -1180.68718393964 0.0388608415920936
57580.10506184 -1164.79372880416 0.0396043348727158
57583.55521065 -1168.8237840787 0.0352380720739158
57583.5557432 -1162.36248058974 0.0572317883315891
57583.55627506 -1156.99573833051 0.0441935284409762
57583.55680923 -1159.01750584785 0.0455656887602274
57583.55787225 -1169.18357244235 0.0391427764322894
57578.57782171 -1183.48167153285 0.026698374225016
57583.67778028 -1182.0540189263 0.0281984007289311
57583.67831215 -1182.56693426686 0.0195416595376581
57583.67884447 -1183.15171504573 0.0270420146290851
57583.6793886 -1178.94369660137 0.0311747775768928
57583.67987092 -1174.75051088513 0.0456175920386283
57583.68040498 -1170.87964602657 0.0645032511928764
57576.18183556 -1174.2573175057 0.0402473401644866
57583.68146094 -1175.54322580602 0.0572168300568759
57583.68198921 -1178.1303922472 0.0233167922377056
57585.71337536 -1185.26950401137 0.0632216565187785
57590.01311638 -1181.21760893716 0.116409609691512
57590.01359141 -1177.84622220751 0.263049737560305
57590.01406481 -1163.8548252037 0.200255415438643
57590.01454007 -1170.10066398819 0.11843797790023
57590.01501417 -1184.026557829 0.0554673896618028
57590.01548897 -1187.39609724675 0.060759758168235
57590.01596307 -1185.88886131887 0.0782896005840723
57590.01643763 -1180.4716867513 0.0848311355173452
57590.01691231 -1176.24579877039 0.117049146760373
57590.01738769 -1192.50069285234 0.0469360599084362
57590.01787301 -1189.00356475057 0.0612142803177956
57604.36316231 -1203.08619124737 0.0397220290872468
57604.96537395 -1204.30580891425 0.0362807703876368
57608.96512828 -1198.85557759308 0.0425496263498203
57608.96560064 -1199.32297961492 0.0539790045212924
57608.96607636 -1202.49763316689 0.0407799673162825
57608.96654989 -1204.41851415968 0.0334816481564176
57608.96698637 -1204.54199189165 0.0348571613302711
57608.96751071 -1202.42258144426 0.0471164386628906
57608.96798515 -1204.91631849782 0.0359702672612402
57608.96840983 -1203.73450849771 0.0463778895629567
57608.96893416 -1199.96849951957 0.0581282067371242
57608.96940954 -1204.30772934815 0.0359738776869205
57608.96988318 -1202.00482819173 0.0368995342571547
57608.97035774 -1199.64310806661 0.0365954168258486
57608.97083346 -1197.51887461721 0.0370921863165822
57608.97130756 -1194.55983307652 0.049780895764796
57608.97178224 -1195.48267365112 0.0537829790451453
57608.97225576 -1195.78289389902 0.0469087633843055
57608.97273044 -1194.28037457638 0.0617541675005629
57608.97320501 -1199.26737247997 0.0435767326861073
57608.97367946 -1203.87249503129 0.039918871376524
57608.97415657 -1196.36731172523 0.0544256043397412
57608.97462893 -1197.82937902503 0.0538158293056428
57608.97510361 -1201.52045054755 0.0451423214010817
57608.97557783 -1202.03611186456 0.0570426693740205
57608.97605239 -1200.4629654095 0.0451737804979534
57608.97652765 -1201.39629531839 0.0352961972248199
57608.97700152 -1191.5475822199 0.0560080135944194
57608.97747585 -1186.13337410287 0.108515826056418
57608.9779503 -1177.74044550426 0.129168588519816
57608.97847486 -1195.93176708302 0.060074706199427
57608.9789022 -1188.65253368127 0.0554999852562648
57608.97937399 -1191.84946793876 0.0560056932529539
57608.97985052 -1174.73405501088 0.127905960133109
57608.98127294 -1182.97082607985 0.0947256216231618
57608.98274733 -1173.63057004267 0.186641124369283
57608.98322038 -1186.79555044254 0.0868328400831968
57608.98369645 -1182.31840351899 0.102329258184929
57608.98416928 -1189.16311237503 0.0488859415606535
57608.98559332 -1183.96376011642 0.0796460225715934
57608.98606985 -1193.78853744671 0.0591168766729503
57608.98654256 -1190.59592284069 0.0609081495882806
57608.98701655 -1189.34805769026 0.0777697536058033
57608.98749123 -1187.53782264533 0.0619961640778182
57608.98796602 -1190.54341701902 0.062573528833034
57608.98844105 -1179.79704418048 0.094180081498196
57608.98891492 -1202.99964223131 0.0417926315982018
57608.98938948 -1199.95355576401 0.0402535253667583
57608.98986381 -1199.8972563638 0.0436446551496139
57608.99034 -1198.55334829686 0.0531807918802961
57608.99081456 -1196.07651101662 0.0510367287186422
57608.99128924 -1201.12997980588 0.0492394749911405
57608.99176184 -1201.6386253265 0.0390536986529646
57608.99223629 -1196.67182741989 0.0592657549731242
57611.56333597 -1202.95071356053 0.0303928998165285
57611.56386864 -1199.62961197158 0.0358077903709892
57609.96524267 -1205.90463114047 0.0319271178537259
57609.96572024 -1205.50483855234 0.0228592283879231
57609.96619492 -1206.81659734375 0.022162982743971
57609.96661926 -1207.11708183372 0.0253607658513
57609.96714486 -1207.8582891869 0.0285106797270093
57609.96761873 -1208.47657580717 0.0326394169033907
57609.96809283 -1208.48017026221 0.0303727396537928
57609.96856994 -1207.42187624434 0.0216886774959841
57609.96904196 -1208.76898731453 0.0214214409420392
57609.96951838 -1207.53919231517 0.0281044054493482
57609.9699912 -1208.46949191544 0.0283728957234228
57609.97046554 -1209.07660048923 0.0283390887492903
57607.47131477 -1209.37633714121 0.0303723624491991
57607.47172718 -1207.94923921732 0.0447660989835229
57607.47214433 -1207.27819433104 0.0347826761775071
57607.47256241 -1208.31831228936 0.0394326614182959
57607.47297714 -1207.65002203644 0.0363668693781911
57607.47339684 -1208.63697916778 0.0366424807328599
57607.47381063 -1207.44581052987 0.0340781093883597
57607.47422894 -1207.77283911103 0.0360088088396667
57607.47464401 -1207.28356663437 0.0309230921225597
57607.47506117 -1206.88034928446 0.0340933340683584
57607.47542809 -1206.59316167057 0.0287373563435519
57607.47589385 -1206.97092109454 0.036718245970912
57607.47631089 -1208.2675782288 0.0373864685703219
57607.47672735 -1204.53929782672 0.0407804488861002
57607.47714404 -1206.21557053899 0.0418306538049465
57607.47756362 -1206.67724754168 0.0311716400039842
57607.47799062 -1206.9643916095 0.0393904586104895
57607.47840684 -1207.35866775068 0.0375948819892905
57607.47882238 -1206.60865988776 0.0485193434030514
57607.47923964 -1207.25138248087 0.0304978366414283
57607.47965749 -1207.75117817346 0.0278564577124532
57607.4800721 -1206.80554772417 0.0342668020873827
57607.48048902 -1208.32899979117 0.0350345466957218
57607.48090548 -1207.69760006496 0.0352137397473837
57607.48132344 -1207.24374579198 0.0392089229651685
57607.48168886 -1207.10831810661 0.0435077026020273
57607.4821559 -1207.78249370479 0.0383727261032063
57607.48257213 -1207.12401575401 0.0424439488211581
57607.48298882 -1207.24088578665 0.0375471124214433
57607.48340828 -1208.17070552029 0.0320708405357177
57607.48382208 -1207.29838355291 0.0352876763427378
57607.48423923 -1207.01719752203 0.0297447039255954
57607.48465535 -1203.29243524302 0.0343699309364491
57607.48507377 -1206.9793971601 0.0444218202758098
57607.48548977 -1207.09882674971 0.0366225735859317
57607.48590623 -1207.57336932584 0.0365737119544679
57607.48632257 -1207.16042860932 0.0288924363111592
57607.48673891 -1206.89744514886 0.029532190119744
57607.48715537 -1204.95883824797 0.0298316832399778
57607.48757287 -1203.30422392024 0.0358753450074198
57607.48798991 -1207.9505375961 0.0295177473205985
57607.48840556 -1206.62994076368 0.0387083348631935
57607.48882376 -1208.0802815418 0.0312978258128089
57607.48923871 -1207.58668354861 0.0337976934331689
57607.48965806 -1208.09448495141 0.0300420774091802
57607.49007221 -1208.42012528142 0.0343041905294306
57607.4904904 -1207.16028449442 0.0323416225103626
57607.49090547 -1207.32914884916 0.0331590225181238
57607.49132286 -1208.38931922147 0.0351474159535531
57607.49173966 -1207.72963567157 0.030063583352733
57607.49215693 -1207.7741909832 0.0304160007758278
57607.49257212 -1208.0482912505 0.0302196571151044
57607.49299043 -1208.55105732098 0.0297895550196138
57607.49340527 -1207.53474733741 0.0329887888613426
57607.49382311 -1207.83390763978 0.0366935737317302
57607.49423876 -1207.63318278415 0.0366299103291325
57607.49465557 -1207.46334284133 0.0382163022042713
57607.49507561 -1205.16120432817 0.0448907572898691
57607.49548883 -1203.85013485475 0.0649218751888841
57607.49590761 -1206.64007945209 0.0425263880019872
57607.49632314 -1203.01295505444 0.0443877740418973
57607.49673879 -1203.90292184196 0.0445845768568112
57607.49715745 -1206.23961616512 0.0383155696818293
57607.49757194 -1206.09841817802 0.0392952219025458
57607.49798955 -1205.63795727213 0.0393813358689856
57607.49840682 -1207.16251178631 0.0325554137255415
57607.49883578 -1206.99511056641 0.0394309477449756
57607.49925212 -1207.47198814414 0.0393799499454703
57607.49966789 -1207.43367507285 0.039135001707229
57607.50008365 -1208.54113316435 0.0541024881421357
57607.50045162 -1208.20141718963 0.0416740084422059
57607.50091692 -1208.00659739932 0.0393055714268771
57607.50133361 -1206.3350384704 0.0452881278580708
57607.50175285 -1206.78713513702 0.0522800275955798
57607.50216711 -1204.29311882025 0.0457271096397283
57607.50258588 -1205.08874112129 0.0494452452851414
57607.50300026 -1208.49662118401 0.0453542116550702
57607.50341857 -1209.39013657144 0.0440819519552913
57607.50383433 -1207.71945771367 0.0399887821996843
57607.50425125 -1206.58511529616 0.0415589608351085
57607.50466748 -1191.06691911858 0.0969450192605987
57607.50508382 -1195.49029966665 0.0849235436883012
57607.50550017 -1207.0247570997 0.034033624165891
57607.5059194 -1208.49030540823 0.0388772643698484
57607.50633355 -1207.21196807135 0.0343942715609406
57607.50675244 -1205.53658701436 0.0488689505706225
57607.50716693 -1206.22774175903 0.0447124012991021
57607.50758501 -1205.82513580828 0.0370932965071741
57607.5080017 -1205.2924065205 0.0384865548460602
57607.50842892 -1205.28754657127 0.0429007639308164
57607.50884596 -1207.98264845213 0.0442068099672778
57607.50926207 -1206.84967752626 0.0378216819576184
57607.50968119 -1207.59686992804 0.042291891667711
57607.51009545 -1206.99670390688 0.0357378266283819
57607.51051365 -1206.49584593886 0.034054195384928
57607.51092941 -1206.07672431307 0.034271120759373
57607.51134645 -1207.90425928473 0.0350256915702568
57607.51176291 -1207.84319900781 0.0382718512093198
57607.51218006 -1207.79474520067 0.0374761185701067
57607.51259513 -1207.50257116334 0.0356364077089253
57607.51301298 -1205.7530721165 0.0353775672428688
57607.51342851 -1206.24570471531 0.0458150569261342
57607.51384775 -1206.31549011155 0.034076371907172
57607.51426201 -1207.20861794547 0.0419089439021282
57607.51468021 -1207.21092694416 0.0390412704544628
57607.5150462 -1207.24889933029 0.0349129351421176
57607.51551266 -1207.10008292984 0.0346180596385608
57607.51592935 -1207.14256996957 0.0466693790259951
57607.51634535 -1205.97490305737 0.0463365018954106
57607.51676401 -1206.91287749382 0.0368712223679645
57607.51717954 -1205.64769876471 0.0379858254031516
57607.51759576 -1205.26652407703 0.0392600771337633
57607.51796269 -1208.11103913015 0.0331762755437641
57607.51842868 -1207.91520283154 0.0386129879964952
57607.5188456 -1207.1141223534 0.0373361667343936
57607.51926241 -1207.32980740566 0.0370793799776819
57607.51967864 -1205.5566971591 0.0307476200797123
57605.02094602 -1206.49811836296 0.0312923152668404
57607.52050554 -1206.04838934918 0.0460887609674999
57607.52092929 -1206.65874694265 0.0394509863494384
57606.89280312 -1191.5199473249 0.0386421259101875
57612.59268811 -1190.23271687768 0.0378654921551609
57612.5932217 -1185.28881183075 0.044312584230105
57612.59375252 -1188.5654731588 0.0334115215289161
57612.59428681 -1189.37507171102 0.0486020687117383
57612.5953511 -1187.78159449972 0.0470629932786877
57612.59747958 -1176.44028605764 0.0649871099288651
57612.59801352 -1179.25663202918 0.0487649681944105
57612.59854457 -1180.4644995146 0.0561005023483445
57612.59907666 -1176.25378080666 0.0473334039215132
57612.59961026 -1178.06907772772 0.0790035325228464
57612.60120804 -1184.00078502047 0.0443432384510459
57612.60173873 -1190.69021537186 0.0414144508151756
57612.60227279 -1179.91946060226 0.0529221619951926
57612.60280373 -1179.81170392309 0.0679307046542437
57612.60333744 -1190.16401040468 0.0431755735555497
57612.60386848 -1193.49094873639 0.0487874055132265
57612.60440173 -1191.19707849762 0.0523082355885667
57612.60493452 -1199.8835717007 0.0279412498341882
57612.60546603 -1194.74586990996 0.0442816198537769
57612.60599777 -1192.36381706278 0.0420434995859018
57612.60653044 -1175.81864448891 0.0746229701163306
57612.60706346 -1191.04543800322 0.0506492819391716
57612.60759601 -1190.53116855077 0.0352224287184427
57612.60812799 -1180.40176183117 0.0598194215103151
57612.60867154 -1193.54849059838 0.0406446793851862
57612.60920618 -1185.58793654262 0.0763848260400193
57612.60973826 -1191.46081913342 0.0434156568667168
57612.61080117 -1187.10105818662 0.0384530115373923
57612.6113512 -1190.0514990983 0.0497703525888014
57612.61188977 -1185.34438372639 0.0583145684824764
57612.61242326 -1181.08641698583 0.0562666663930083
57612.61295419 -1184.50526588951 0.0588993226235983
57607.42632948 -1204.61443738536 0.766429618238132
57612.02602135 -1204.10002581736 0.862248762676646
57612.02649569 -1201.85938884769 0.355252670049317
57612.02697037 -1202.03566278251 0.824084502284352
57612.02744748 -1201.8669016975 0.825857721126627
57612.02791926 -1203.43228116196 0.796089509634694
57612.02839406 -1202.12001367139 0.811411071052256
57612.02886851 -1199.22227600393 0.79826409024725
57612.02934492 -1201.52797281259 0.798493446964712
57612.02981856 -1202.75335948606 0.412435223049137
57612.03029382 -1205.48760643994 0.810166603452556
57607.03161653 -1203.74844457152 0.834659314683045
57612.03123461 -1202.84328775771 0.799109257376337
57612.03171577 -1203.28513405113 0.811020701227461
57612.03219149 -1204.73326000174 0.818621205635062
57607.03351467 -1203.74745474915 0.785752249333854
57612.0331324 -1202.9638033327 0.841118092253099
57612.03360222 -1202.44566114941 0.802677455078355
57612.03407679 -1201.30035729059 0.837249638286117
57612.03455216 -1201.90362812241 0.785633734846373
57612.03502661 -1202.7499880477 0.764953958959498
57612.03550268 -1203.02387219761 0.837358436528373
57612.03597551 -1203.3045484153 0.443887412829047
57612.03645111 -1202.48458726799 0.754788442940766
57612.03692417 -1202.24028173405 0.80083700099665
57612.03739978 -1199.27067934783 0.822698145626725
57612.03787307 -1201.97011730996 0.8309153750777
57612.03834937 -1195.05361379452 0.85293948323287
57612.03882208 -1196.87823126312 0.839240250341919
57612.03929676 -1198.71048229086 0.813739575929748
57609.07540694 -1201.67279127855 0.0445149942777822
57612.97522277 -1199.8511661122 0.0314812642446096
57612.97571019 -1201.45355980965 0.0518007268032483
57612.97618394 -1202.41239817033 0.039190870851838
57612.97665885 -1204.29205610003 0.113589079555263
57612.97713237 -1203.65940416437 0.134659918831759
57612.97760856 -1197.88320863492 1.3285457043024
57612.97808231 -1205.43809148355 0.394703577506079
57612.97855687 -1201.89618894889 0.290333077134236
57612.97950519 -1205.04326520976 0.441051986972368
57612.97997941 -1204.20434152734 0.0953544540780618
57612.98045501 -1204.80940942356 0.124176388807571
57613.92511463 -1212.37393998851 0.0253523927857996
57619.4750151 -1214.65255135022 0.0223290649826384
57619.47554835 -1214.32236951513 0.0263110355338524
57619.47607905 -1213.94682417353 0.0265995490247989
57619.47714381 -1213.54609089369 0.0194756055516485
57619.47767706 -1213.99788911185 0.021010983958963
57619.47820984 -1213.02094321844 0.0191651035712927
57619.47874135 -1213.05611187322 0.0220844664210572
57619.47927402 -1211.07514616196 0.0263387450416386
57616.98023415 -1213.55386537786 0.0227549652047179
57616.98070859 -1212.25725777436 0.0240942216598992
57616.98118339 -1212.76933524429 0.0239959577512075
57616.98165784 -1212.89970900411 0.0228078880501336
57616.98213321 -1211.35746989897 0.0213470812564413
57616.98260674 -1209.85296157827 0.0289385022141347
57616.9830813 -1211.53728160149 0.0208267469540488
57616.98355598 -1210.88615276209 0.0244298181781005
57616.98403089 -1212.37389523957 0.0280342155427846
57616.98450626 -1211.67364004907 0.0219639294063618
57616.98497967 -1211.54275128183 0.0235619279620824
57616.98545389 -1210.0934060492 0.0274618972807671
57616.98593054 -1211.28855020521 0.0215645779474486
57616.98640302 -1212.00863114182 0.0204386161848749
57616.98687862 -1212.65713348459 0.0305206885685358
57616.98735203 -1208.78185568185 0.0248583608042565
57617.0644052 -1200.07485929331 0.0327238776472193
57617.06487536 -1204.02743098927 0.0394116489341843
57617.06535074 -1199.84584689011 0.0598357536225783
57617.06582588 -1204.55107963931 0.0327300468525072
57617.06630044 -1201.20590833005 0.0318005536788451
57617.0667735 -1203.5063272086 0.0384940798017242
57617.06724911 -1205.87376761906 0.0365097039010936
57617.06772332 -1203.09393656093 0.0361831657341522
57617.06819893 -1204.01150018673 0.0351811960893162
57617.06867187 -1207.60275482502 0.0284211093255021
57617.06914748 -1206.50151509906 0.0308916438350896
57617.06962066 -1206.350708081 0.032260816209313
57617.07009639 -1203.36596749523 0.040124385991105
57612.07142025 -1207.93144383431 0.0315939710222181
57617.0710373 -1205.36788406917 0.0291608580581079
57617.07151892 -1208.65818477466 0.0283936629101299
57618.9662437 -1208.2809338218 0.0441171861624168
57618.96671768 -1211.57001427534 0.0287091618892477
57618.96719155 -1210.81949366737 0.0382242437574796
57618.96766577 -1211.85446281307 0.0383270078625893
57618.9681394 -1213.52440210711 0.0402729448242909
57618.96861385 -1214.1493599293 0.0277853848873562
57618.96908923 -1211.15331778304 0.0329885193807729
57618.96956356 -1213.05465469681 0.0393484375213834
57618.97003986 -1212.87605192661 0.0357710501214751
57618.97051373 -1207.22607915237 0.0419816277971831
57618.97098644 -1210.1893627702 0.0273654333228881
57618.97146274 -1212.41581634498 0.0334959673381083
57614.94295903 -1211.75597596885 0.0414899900423714
57619.04273578 -1214.11819928778 0.0306383971968185
57619.04320861 -1213.44245230921 0.0267339068747977
57619.04368421 -1213.89750834554 0.0285202029770809
57619.04415774 -1211.96233800296 0.0314156340777439
57619.04463346 -1211.73849513535 0.0367599374567025
57619.04510872 -1213.88629411113 0.0295808214929089
57619.04558131 -1211.2676293165 0.0427349316077555
57619.04605738 -1208.82107104101 0.043601916135015
57619.04653079 -1212.7955077217 0.0336487168160636
57619.04700732 -1211.49351496472 0.0419677777085209
57619.04747957 -1212.55351976235 0.0272513521433021
57615.06474867 -1203.75052994653 0.885871378776202
57619.96438931 -1211.97888484043 0.750033468118567
57619.96486399 -1212.8444520079 0.821928077200547
57619.96533844 -1210.9454678678 0.752929062389157
57619.96581509 -1209.77926777589 0.765141953917288
57619.96628768 -1203.79163713591 0.863122273916599
57619.96676236 -1201.02929634773 0.923198110327291
57619.96723647 -1200.81005640093 0.885132545474727
57619.96771346 -1198.62889113774 0.995901929225664
57619.96866189 -1189.3162638077 0.970692595010421
57620.05470683 -1211.00302654495 0.769385179889007
57620.05517676 -1211.63184131522 0.793177483839911
57620.05565156 -1213.14220153359 0.842514811145474
57620.05612566 -1212.74337222706 0.799629865916967
57620.05660046 -1213.83138973085 0.544217427748057
57620.05707606 -1212.62580211611 0.584455166972418
57620.05754912 -1214.79588742348 0.232973159135533
57620.05797357 -1214.86725594387 0.80729794576984
57620.05849825 -1212.94389697291 0.836548278872718
57620.05897281 -1213.29363764469 0.845502416421468
57620.05945085 -1212.79939695047 0.776301095831433
57620.05992217 -1213.52867859035 0.779576721450028
57626.97777487 -1220.18281579647 0.0343350349267455
57626.98268093 -1214.1945971764 0.0362027515995207
57626.98390947 -1214.50223917567 0.0307815212008436
57627.04882044 -1193.95185478732 0.0389527576828631
57627.97972708 -1220.11672002354 0.0334671359394879
57627.98020292 -1215.22451584359 0.0580120587996076
57627.98068894 -1219.49509285035 0.0318727308647452
57627.98116362 -1220.65001950091 0.0483354746234666
57627.98163819 -1222.01013027386 0.0254572196095147
57627.98211264 -1219.76807409767 0.0447727148202272
57627.98258743 -1219.90453689225 0.0361489583151004
57627.9830635 -1216.04586876099 0.0373250078649195
57627.98353652 -1215.11447750887 0.0406957055557892
57627.98401216 -1220.88694195411 0.0361177051343533
57627.98448534 -1218.92623911096 0.0268269350343563
57627.98496152 -1220.46305727298 0.038039699238875
57627.98543447 -1219.72470063813 0.0497281250937326
57623.94586033 -1212.96425591508 0.0496127997636652
57628.04564264 -1212.00745025739 0.0657561471983856
57628.04611813 -1211.29442427672 0.059175593397098
57628.04659339 -1198.93760012732 0.139715376114802
57628.04706657 -1214.73783627492 0.0438431706664821
57628.04754102 -1201.03715901473 0.0880716877426857
57628.04801546 -1210.93744641816 0.0621366245074326
57628.04849003 -1210.61386861659 0.0763631462985086
57628.04896471 -1209.21529816347 0.0642789980479056
57628.04944112 -1210.253501192 0.108509511222092
57628.0498636 -1204.56552714083 0.0814437112308162
57628.05086273 -1216.922493452 0.0622141697872019
57628.05133741 -1216.37806363077 0.0493503510033738
57628.05181256 -1218.33315034558 0.0496972074802221
