2442000.504802950
2442010.504220295
2442020.503523249
2442030.502733631
2442040.501874805
2442050.500984818
2442060.500069172
2442070.499166885
2442080.498306376
2442090.497514262
2442100.496813645
2442110.496226186
2442120.495768549
2442130.495453032
2442140.495288747
2442150.495278484
2442160.495421371
2442170.495712606
2442180.496141701
2442190.496696057
2442200.497359230
2442210.498111142
2442220.498931163
2442230.499795577
2442240.500679763
2442250.501559724
2442260.502409795
2442270.503206177
2442280.503926539
2442290.504548966
2442300.505055714
2442310.505431228
2442320.505662846
2442330.505743491
2442340.505668884
2442350.505439799
2442360.505062660
2442370.504546870
2442380.503907696
2442390.503164429
2442400.502338644
2442410.501456500
2442420.500556628
2442430.499643616
2442440.498758256
2442450.497927108
2442460.497175524
2442470.496526751
2442480.495998873
2442490.495607478
2442500.495363399
2442510.495271794
2442520.495334958
2442530.495549406
2442540.495907311
2442550.496398233
2442560.497006492
2442570.497714344
2442580.498501932
2442590.499345858
2442600.500222981
2442610.501108703
2442620.501977355
2442630.502805354
2442640.503568632
2442650.504244905
2442660.504815168
2442670.505261385
2442680.505569989
2442690.505731284
2442700.505738309
2442710.505590331
2442720.505290399
2442730.504845727
2442740.504269781
2442750.503578770
2442760.502793285
2442770.501938041
2442780.501050026
2442790.500134446
2442800.499231609
2442810.498368521
2442820.497572526
2442830.496867487
2442840.496273816
2442850.495809656
2442860.495487238
2442870.495315043
2442880.495297565
2442890.495433063
2442900.495716949
2442910.496140074
2442920.496688514
2442930.497346841
2442940.498095470
2442950.498912544
2442960.499775828
2442970.500660182
2442980.501540961
2442990.502393943
2443000.503193992
2443010.503918931
2443020.504547719
2443030.505060946
2443040.505443915
2443050.505683911
2443060.505772449
2443070.505706462
2443080.505485721
2443090.505115980
2443100.504607755
2443110.503974706
2443120.503236415
2443130.502415058
2443140.501535180
2443150.500636555
2443160.499723619
2443170.498836150
2443180.498002289
2443190.497246521
2443200.496592044
2443210.496058399
2443220.495659901
2443230.495408302
2443240.495309569
2443250.495364805
2443260.495572078
2443270.495923433
2443280.496407788
2443290.497011114
2443300.497714665
2443310.498498762
2443320.499341192
2443330.500217341
2443340.501103555
2443350.501974476
2443360.502805149
2443370.503572880
2443380.504254689
2443390.504830809
2443400.505284497
2443410.505600696
2443420.505769806
2443430.505785576
2443440.505645507
2443450.505353503
2443460.504916619
2443470.504346910
2443480.503661858
2443490.502881058
2443500.502028690
2443510.501142983
2443520.500227666
2443530.499323584
2443540.498458514
2443550.497658387
2443560.496948464
2443570.496349168
2443580.495877825
2443590.495548402
2443600.495368607
2443610.495343025
2443620.495471375
2443630.495747795
2443640.496164110
2443650.496707087
2443660.497360023
2443670.498104859
2443680.498919424
2443690.499780737
2443700.500665198
2443710.501546973
2443720.502401922
2443730.503205925
2443740.503935179
2443750.504569505
2443760.505089613
2443770.505479328
2443780.505727221
2443790.505823943
2443800.505765624
2443810.505553223
2443820.505190913
2443830.504689346
2443840.504062819
2443850.503329172
2443860.502511587
2443870.501634481
2443880.500736371
2443890.499823202
2443900.498933909
2443910.498096342
2443920.497336455
2443930.496676168
2443940.496135798
2443950.495730551
2443960.495470918
2443970.495364404
2443980.495412106
2443990.495611338
2444000.495955882
2444010.496433780
2444020.497031087
2444030.497730390
2444040.498510604
2444050.499350457
2444060.500225822
2444070.501111651
2444080.501984043
2444090.502817526
2444100.503588556
2444110.504275573
2444120.504857464
2444130.505317474
2444140.505641398
2444150.505817898
2444160.505841526
2444170.505709725
2444180.505424880
2444190.504995313
2444200.504432111
2444210.503752019
2444220.502975865
2444230.502126295
2444240.501241868
2444250.500327076
2444260.499421213
2444270.498553343
2444280.497749427
2444290.497033721
2444300.496428397
2444310.495950063
2444320.495612591
2444330.495425245
2444340.495391390
2444350.495511611
2444360.495780866
2444370.496189712
2444380.496726456
2444390.497374224
2444400.498114162
2444410.498925767
2444420.499784998
2444430.500668280
2444440.501550972
2444450.502407373
2444460.503214224
2444470.503948002
2444480.504587024
2444490.505113352
2444500.505510071
2444510.505764828
2444520.505869572
2444530.505818921
2444540.505613807
2444550.505259140
2444560.504763801
2444570.504142959
2444580.503414346
2444590.502599745
2444600.501725000
2444610.500816161
2444620.499901809
2444630.499010754
2444640.498169491
2444650.497404563
2444660.496738819
2444670.496191239
2444680.495778510
2444690.495511200
2444700.495395971
2444710.495435738
2444720.495627040
2444730.495963635
2444740.496435068
2444750.497026066
2444760.497720088
2444770.498496708
2444780.499333291
2444790.500218767
2444800.501104556
2444810.501977454
2444820.502813536
2444830.503587994
2444840.504279206
2444850.504867067
2444860.505333128
2444870.505663942
2444880.505848245
2444890.505879035
2444900.505755029
2444910.505477705
2444920.505054502
2444930.504497793
2444940.503822756
2444950.503050335
2444960.502203973
2444970.501308993
2444980.500394122
2444990.499487104
2445000.498615833
2445010.497807941
2445020.497086938
2445030.496474750
2445040.495989601
2445050.495644141
2445060.495448403
2445070.495406704
2445080.495518376
2445090.495779900
2445100.496181794
2445110.496711547
2445120.497354036
2445130.498089434
2445140.498897198
2445150.499754643
2445160.500648264
2445170.501531070
2445180.502389411
2445190.503198551
2445200.503936331
2445210.504580492
2445220.505112148
2445230.505515789
2445240.505777624
2445250.505889502
2445260.505846897
2445270.505648957
2445280.505301342
2445290.504812887
2445300.504197256
2445310.503473509
2445320.502662493
2445330.501789370
2445340.500881607
2445350.499966331
2445360.499072739
2445370.498228313
2445380.497458146
2445390.496786424
2445400.496232299
2445410.495811522
2445420.495536460
2445430.495413077
2445440.495444197
2445450.495627955
2445460.495956837
2445470.496421193
2445480.497006568
2445490.497695084
2445500.498467776
2445510.499301773
2445520.500185128
2445530.501070885
2445540.501944671
2445550.502782478
2445560.503560686
2445570.504256019
2445580.504849101
2445590.505321768
2445600.505659006
2445610.505850803
2445620.505889385
2445630.505772511
2445640.505502942
2445650.505086557
2445660.504535698
2445670.503866352
2445680.503097708
2445690.502254114
2445700.501360924
2445710.500445564
2445720.499537313
2445730.498663306
2445740.497850785
2445750.497124865
2445760.496506196
2445770.496013646
2445780.495660928
2445790.495456758
2445800.495406904
2445810.495510824
2445820.495764141
2445830.496159137
2445840.496682473
2445850.497318962
2445860.498050245
2445870.498854356
2445880.499709387
2445890.500590907
2445900.501473621
2445910.502333668
2445920.503145893
2445930.503887196
2445940.504536766
2445950.505074382
2445960.505484404
2445970.505754022
2445980.505873300
2445990.505838397
2446000.505648559
2446010.505307847
2446020.504826325
2446030.504216796
2446040.503497475
2446050.502690543
2446060.501819660
2446070.500912500
2446080.499997144
2446090.499101227
2446100.498253400
2446110.497478973
2446120.496801079
2446130.496240575
2446140.495812587
2446150.495529310
2446160.495398335
2446170.495421257
2446180.495596976
2446190.495918951
2446200.496376189
2446210.496955697
2446220.497639564
2446230.498407923
2446240.499239562
2446250.500121531
2446260.501006756
2446270.501882154
2446280.502722130
2446290.503503770
2446300.504204238
2446310.504802592
2446320.505281903
2446330.505626563
2446340.505825563
2446350.505872422
2446360.505763439
2446370.505501268
2446380.505092632
2446390.504548059
2446400.503884319
2446410.503120659
2446420.502279939
2446430.501388900
2446440.500474209
2446450.499564542
2446460.498688546
2446470.497872164
2446480.497141004
2446490.496516810
2446500.496017091
2446510.495656935
2446520.495445325
2446530.495387117
2446540.495483516
2446550.495729485
2446560.496117195
2446570.496634825
2446580.497265869
2446590.497992729
2446600.498794216
2446610.499646980
2446620.500527967
2446630.501411654
2446640.502273179
2446650.503088898
2446660.503834540
2446670.504489108
2446680.505033466
2446690.505450272
2446700.505727362
2446710.505855043
2446720.505827848
2446730.505646201
2446740.505313432
2446750.504838635
2446760.504235860
2446770.503521855
2446780.502718824
2446790.501851302
2446800.500945295
2446810.500029891
2446820.499132922
2446830.498281806
2446840.497503473
2446850.496820494
2446860.496253387
2446870.495818917
2446880.495528135
2446890.495389293
2446900.495405058
2446910.495573024
2446920.495888059
2446930.496339314
2446940.496912848
2446950.497592421
2446960.498357350
2446970.499186254
2446980.500055962
2446990.500941111
2447000.501817726
2447010.502660794
2447020.503445867
2447030.504151382
2447040.504755975
2447050.505241652
2447060.505594155
2447070.505801160
2447080.505855955
2447090.505755744
2447100.505501409
2447110.505100323
2447120.504563131
2447130.503905015
2447140.503146477
2447150.502309670
2447160.501420518
2447170.500518663
2447180.499608352
2447190.498730073
2447200.497910819
2447210.497174797
2447220.496544992
2447230.496039235
2447240.495671606
2447250.495452824
2447260.495387217
2447270.495475763
2447280.495715023
2447290.496095986
2447300.496607507
2447310.497233994
2447320.497956474
2447330.498755118
2447340.499606526
2447350.500486622
2447360.501371439
2447370.502235143
2447380.503053823
2447390.503804393
2447400.504464297
2447410.505014977
2447420.505439456
2447430.505723963
2447440.505859960
2447450.505841370
2447460.505667526
2447470.505343022
2447480.504875553
2447490.504279000
2447500.503570993
2447510.502772045
2447520.501907497
2447530.501003553
2447540.500087922
2447550.499189913
2447560.498336399
2447570.497553750
2447580.496866130
2447590.496292967
2447600.495851496
2447610.495553896
2447620.495407174
2447630.495415327
2447640.495576226
2447650.495883801
2447660.496328915
2447670.496896982
2447680.497571521
2447690.498333328
2447700.499159715
2447710.500028111
2447720.500913883
2447730.501791581
2447740.502637432
2447750.503426733
2447760.504136815
2447770.504747718
2447780.505240304
2447790.505599964
2447800.505815389
2447810.505878211
2447820.505786140
2447830.505540275
2447840.505146383
2447850.504616252
2447860.503964392
2447870.503210327
2447880.502377545
2447890.501490667
2447900.500589358
2447910.499678898
2447920.498798308
2447930.497975615
2447940.497235387
2447950.496599494
2447960.496087428
2447970.495712838
2447980.495486079
2447990.495413145
2448000.495493962
2448010.495725629
2448020.496100206
2448030.496605275
2448040.497226527
2448050.497945111
2448060.498740191
2448070.499589956
2448080.500469505
2448090.501354536
2448100.502220534
2448110.503042137
2448120.503796745
2448130.504462357
2448140.505018849
2448150.505450364
2448160.505742698
2448170.505886164
2448180.505875976
2448190.505710190
2448200.505393037
2448210.504933158
2448220.504342748
2448230.503639993
2448240.502845638
2448250.501983540
2448260.501092757
2448270.500177315
2448280.499277352
2448290.498421287
2448300.497634391
2448310.496941103
2448320.496362064
2448330.495913244
2448340.495608015
2448350.495453805
2448360.495453627
2448370.495607040
2448380.495907479
2448390.496345471
2448400.496908022
2448410.497577468
2448420.498335090
2448430.499159133
2448440.500025627
2448450.500911111
2448460.501790091
2448470.502637696
2448480.503430668
2448490.504145347
2448500.504761359
2448510.505260724
2448520.505627252
2448530.505850030
2448540.505921082
2448550.505836489
2448560.505598389
2448570.505211994
2448580.504687974
2448590.504042121
2448600.503292663
2448610.502462867
2448620.501578405
2448630.500665817
2448640.499754305
2448650.498871751
2448660.498044940
2448670.497299939
2448680.496658276
2448690.496138934
2448700.495757232
2448710.495522534
2448720.495441233
2448730.495514479
2448740.495738115
2448750.496105399
2448760.496604242
2448770.497219321
2448780.497933388
2448790.498724966
2448800.499571862
2448810.500462208
2448820.501347214
2448830.502214343
2448840.503039014
2448850.503797090
2448860.504467613
2448870.505030253
2448880.505467951
2448890.505767792
2448900.505918942
2448910.505916146
2448920.505758481
2448930.505448507
2448940.504995263
2448950.504411285
2448960.503713168
2448970.502922777
2448980.502063483
2448990.501161832
2449000.500246442
2449010.499344750
2449020.498485215
2449030.497694359
2449040.496995268
2449050.496409587
2449060.495953871
2449070.495640406
2449080.495478230
2449090.495470052
2449100.495615006
2449110.495908179
2449120.496339043
2449130.496895015
2449140.497559544
2449150.498312550
2449160.499133407
2449170.500009903
2449180.500894300
2449190.501774153
2449200.502623780
2449210.503419445
2449220.504138777
2449230.504759894
2449240.505265131
2449250.505638905
2449260.505868636
2449270.505947308
2449280.505870657
2449290.505639575
2449300.505260507
2449310.504742919
2449320.504102198
2449330.503357617
2449340.502530822
2449350.501648053
2449360.500736318
2449370.499823395
2449380.498938502
2449390.498108134
2449400.497357657
2449410.496710232
2449420.496183885
2449430.495794201
2449440.495551882
2449450.495462058
2449460.495526995
2449470.495743100
2449480.496102541
2449490.496594825
2449500.497204211
2449510.497912974
2449520.498701176
2449530.499545411
2449540.500434151
2449550.501319559
2449560.502187579
2449570.503014662
2449580.503776688
2449590.504451446
2449600.505019943
2449610.505464157
2449620.505770617
2449630.505929619
2449640.505934278
2449650.505783962
2449660.505481709
2449670.505034838
2449680.504456885
2449690.503764065
2449700.502977070
2449710.502120620
2449720.501220155
2449730.500304093
2449740.499401102
2449750.498538209
2449760.497742773
2449770.497038544
2449780.496445939
2449790.495983060
2449800.495662024
2449810.495491310
2449820.495475315
2449830.495612235
2449840.495897475
2449850.496321762
2449860.496871166
2449870.497530244
2449880.498279312
2449890.499096539
2449900.499959665
2449910.500843507
2449920.501723470
2449930.502575286
2449940.503373851
2449950.504097051
2449960.504723797
2449970.505234764
2449980.505615321
2449990.505852731
2450000.505938621
2450010.505869968
2450020.505646572
2450030.505274297
2450040.504763664
2450050.504128406
2450060.503388188
2450070.502565156
2450080.501683939
2450090.500784341
2450100.499870755
2450110.498983017
2450120.498149225
2450130.497393831
2450140.496740041
2450150.496207284
2450160.495809861
2450170.495559488
2450180.495461989
2450190.495518467
2450200.495726927
2450210.496079299
2450220.496564516
2450230.497168466
2450240.497872362
2450250.498656544
2450260.499498714
2450270.500374291
2450280.501259638
2450290.502129331
2450300.502958492
2450310.503724435
2450320.504404166
2450330.504978009
2450340.505429209
2450350.505742770
2450360.505909170
2450370.505922141
2450380.505779297
2450390.505484604
2450400.505045102
2450410.504472978
2450420.503785742
2450430.503002998
2450440.502149030
2450450.501250465
2450460.500334217
2450470.499429601
2450480.498564309
2450490.497764321
2450500.497054864
2450510.496456260
2450520.495985853
2450530.495657522
2450540.495478895
2450550.495454540
2450560.495584052
2450570.495861550
2450580.496278818
2450590.496822500
2450600.497475930
2450610.498221003
2450620.499035466
2450630.499907978
2450640.500791737
2450650.501672480
2450660.502526122
2450670.503328493
2450680.504055859
2450690.504688082
2450700.505205837
2450710.505593061
2450720.505838354
2450730.505932374
2450740.505871370
2450750.505656309
2450760.505291439
2450770.504787495
2450780.504158767
2450790.503423205
2450800.502604024
2450810.501725608
2450820.500815004
2450830.499901277
2450840.499011747
2450850.498174318
2450860.497414858
2450870.496755271
2450880.496215861
2450890.495811718
2450900.495553344
2450910.495448178
2450920.495497201
2450930.495697748
2450940.496043507
2450950.496522447
2450960.497120628
2450970.497820542
2450980.498601105
2450990.499441026
2451000.500316101
2451010.501201352
2451020.502072849
2451030.502905085
2451040.503674613
2451050.504359852
2451060.504939711
2451070.505397533
2451080.505719094
2451090.505893153
2451100.505914327
2451110.505780055
2451120.505492865
2451130.505061101
2451140.504495870
2451150.503814037
2451160.503036422
2451170.502185709
2451180.501300511
2451190.500385273
2451200.499479346
2451210.498611765
2451220.497808421
2451230.497093623
2451240.496489456
2451250.496012459
2451260.495676529
2451270.495490814
2451280.495458641
2451290.495580571
2451300.495851440
2451310.496261818
2451320.496799938
2451330.497448831
2451340.498189684
2451350.499001909
2451360.499861421
2451370.500744689
2451380.501627007
2451390.502482715
2451400.503288574
2451410.504021036
2451420.504658529
2451430.505183114
2451440.505577893
2451450.505830649
2451460.505933322
2451470.505880584
2451480.505673483
2451490.505316915
2451500.504819860
2451510.504197540
2451520.503467676
2451530.502652167
2451540.501776844
2451550.500867744
2451560.499953535
2451570.499062961
2451580.498222511
2451590.497458741
2451600.496794411
2451610.496248510
2451620.495837657
2451630.495572329
2451640.495459214
2451650.495501107
2451660.495694476
2451670.496033101
2451680.496506394
2451690.497099062
2451700.497794549
2451710.498572328
2451720.499409801
2451730.500284275
2451740.501170270
2451750.502043093
2451760.502878762
2451770.503652483
2451780.504342726
2451790.504929358
2451800.505394002
2451810.505723276
2451820.505905921
2451830.505935058
2451840.505809414
2451850.505530508
2451860.505105914
2451870.504547978
2451880.503871939
2451890.503098840
2451900.502252079
2451910.501357057
2451920.500442512
2451930.499536143
2451940.498665914
2451950.497859383
2451960.497140013
2451970.496529767
2451980.496046744
2451990.495703556
2452000.495510224


