2448705.35766
2448714.32448
2448724.30721
2448736.89624
2448751.88956
2448757.00891
2448760.3602
2448770.2073
2448784.20182
2448790.62971
2448814.16162
2448814.22322
2448819.92017
2448823.87061
2448823.93249
2448828.0216
2448831.02906
2448845.69684
2448845.75868
2448845.83031
2448856.47488
2448858.34355
2448859.21375
2448867.32034
2448876.7258
2448886.63395
2448897.47906
2448906.58341
2448978.03949
2448988.77488
2448999.61586
2449009.39161
2449092.41568
2449105.47484
2449116.18269
2449127.08859
2449136.85546
2449155.22052
2449164.25251
2449211.24935
2449227.70192
2449237.60444
2449266.0021
2449368.45596
2449439.59894
2449449.24405
2449458.96109
2449468.01032
2449477.12942
2449924.55576
2449924.6157275
2449951.71568
2449985.96498
2450000.71304
2450083.0626225
2450097.68769667
2450119.40505
2450147.73285
2450209.44384333
2450264.22684
2450336.00216
2450373.0913475
2450557.19953
2450708.563925
2450736.684065
