2455427.783993
2455427.784988
2455427.785995
2455427.787407
2455427.788356
2455427.789329
2455427.790544
2455427.791516
2455427.792882
2455428.848623
2455428.849606
2455428.850602
2455428.851725
2455428.852685
2455428.853634
2455428.854769
2455428.855706
2455429.881887
2455429.882882
2455429.884028
2455429.884977
2455429.886123
2455429.887072
2455430.845208
2455430.846204
2455430.847303
2455430.848264
2455430.849468
2455430.850405
2455431.844942
2455431.846262
2455431.847755
2455431.849965
2455431.851389
2455431.852431
2455435.810995
2455435.811991
2455435.813252
2455435.814213
2455435.816227
2455435.817176
2455436.845775
2455436.846759
2455436.848032
2455436.851644
2455436.852581
2455436.853634
2455437.798148
2455437.799155
2455437.800266
2455437.801238
2455437.802338
2455437.803299
2455438.860509
2455438.861505
2455438.862604
2455438.863565
2455438.864688
2455438.865625
2455439.895208
2455439.896204
2455439.897315
2455439.898275
2455439.899398
2455439.900336
2455582.536146
2455582.537257
2455582.538345
2455582.539421
2455582.540498
2455582.541586
2455584.542639
2455584.543715
2455584.54478
2455584.54588
2455584.546979
2455584.548113
2455588.5375
2455588.5386
2455588.539687
2455588.540799
2455588.541875
2455786.844236
2455786.84522
2455786.846238
2455786.847257
2455786.848252
2455788.764155
2455788.765336
2455788.766389
2455788.767431
2455788.768472
2455790.930116
2455790.937025
2455790.938194
2455790.939236
2455794.892523
2455794.893623
2455794.894687
2455794.895764
2455794.89684
2455801.843542
2455801.844664
2455801.845752
2455801.846852
2455801.847963
2455843.803125
2455843.804167
2455843.805197
2455843.806227
2455843.807269
2455845.742222
2455845.743484
2455845.744757
2455845.745868
2455850.804421
2455850.805463
2455850.806528
2455850.807569
2455850.808611
2455852.755972
2455852.75706
2455852.758137
2455852.759213
2455852.760289
2455957.547986
2455957.549606
2455957.553032
2456094.941458
2456141.917361
2456141.918472
2456141.919618
2456141.920775
2456141.92191
2456146.898067
2456146.90184
2456146.904745
2456146.907558
2456146.910139
2456148.877616
2456148.878866
2456148.88015
2456148.881424
2456173.785544
2456173.786701
2456173.787859
2456173.789005
2456283.543553
2456283.545081
2456283.546412
2456283.547616
2456283.549167
2456285.591759
2456285.592917
2456285.594074
2456285.595231
2456285.596354
2456501.941238
2456501.94235
2456501.943472
2456501.944572
2456501.945648
2456502.921644
2456502.922789
2456502.923935
2456502.925093
2456502.926296
2456504.924826
2456504.92765
2456507.944456
2456507.945521
2456507.946597
2456507.947685
2456509.94331
2456509.944317
2456509.945336
2456509.946331
2456509.94735
2456552.758079
2456552.759236
2456552.76059
2456552.762257
2456552.763669
2456606.648623
2456606.649792
2456606.650903
2456606.652002
2456867.888194
2456867.915926
2456867.919919
2456883.883935
2456883.885023
2456883.886065
2456883.887118
2457028.56963
2457028.570833
2457028.572025
2457028.573194
2457205.946748
2457205.947766
2457205.948796
2457206.946447
2457206.947512
2457206.948565
2457268.862801
2457268.864016
2457268.865197
2457327.717662
2457327.718819
2457327.719965
2457327.721146
2457395.571424
2457395.572836
2457395.574213
2457620.81662
2457620.820405
2457626.873449
2457626.874479
2457626.875498
2457626.876597
2457626.877674
2457626.878866
2458355.904873
2458355.905694
2458355.906505
2458355.907303
2458355.908113
2458355.908924
2458355.909734
2458355.910544
2458355.911354
2458675.944896
2458675.94669
2458675.948449
2458675.950093
2458675.951597
2458679.94169
2458679.9425
2458679.943299
2458679.944109
2458679.944931
2458680.941354
2458680.942153
2458680.942951
2458680.94375
2458680.94456
2458704.885185
2458704.886111
2458704.887002
2458704.887894
2458704.888785
2458704.889687
2458704.89059
2458704.891516
2458704.892431
2458704.893345
2458707.837222
2458707.838194
2458707.83912
2458707.840012
2458707.840949
2458707.841898
2458707.842836
2458707.843785
2458707.844757
2458707.845741
2458707.846701
2458710.900937
2458710.901991
2458710.90294
2458710.903854
2458710.904745
2458710.90566
2458737.786308
2458737.787523
2458737.788727
2458737.789907
2458737.791111
2458737.792303
2458737.793495
