2442000 0.5
2442010 0.5
2442020 0.5
2442030 0.5
2442040 0.5
2442050 0.5
2442060 0.5
2442070 0.5
2442080 0.5
2442090 0.5
2442100 0.5
2442110 0.5
2442120 0.5
2442130 0.5
2442140 0.5
2442150 0.5
2442160 0.5
2442170 0.5
2442180 0.5
2442190 0.5
2442200 0.5
2442210 0.5
2442220 0.5
2442230 0.5
2442240 0.5
2442250 0.5
2442260 0.5
2442270 0.5
2442280 0.5
2442290 0.5
2442300 0.5
2442310 0.5
2442320 0.5
2442330 0.5
2442340 0.5
2442350 0.5
2442360 0.5
2442370 0.5
2442380 0.5
2442390 0.5
2442400 0.5
2442410 0.5
2442420 0.5
2442430 0.5
2442440 0.5
2442450 0.5
2442460 0.5
2442470 0.5
2442480 0.5
2442490 0.5
2442500 0.5
2442510 0.5
2442520 0.5
2442530 0.5
2442540 0.5
2442550 0.5
2442560 0.5
2442570 0.5
2442580 0.5
2442590 0.5
2442600 0.5
2442610 0.5
2442620 0.5
2442630 0.5
2442640 0.5
2442650 0.5
2442660 0.5
2442670 0.5
2442680 0.5
2442690 0.5
2442700 0.5
2442710 0.5
2442720 0.5
2442730 0.5
2442740 0.5
2442750 0.5
2442760 0.5
2442770 0.5
2442780 0.5
2442790 0.5
2442800 0.5
2442810 0.5
2442820 0.5
2442830 0.5
2442840 0.5
2442850 0.5
2442860 0.5
2442870 0.5
2442880 0.5
2442890 0.5
2442900 0.5
2442910 0.5
2442920 0.5
2442930 0.5
2442940 0.5
2442950 0.5
2442960 0.5
2442970 0.5
2442980 0.5
2442990 0.5
2443000 0.5
2443010 0.5
2443020 0.5
2443030 0.5
2443040 0.5
2443050 0.5
2443060 0.5
2443070 0.5
2443080 0.5
2443090 0.5
2443100 0.5
2443110 0.5
2443120 0.5
2443130 0.5
2443140 0.5
2443150 0.5
2443160 0.5
2443170 0.5
2443180 0.5
2443190 0.5
2443200 0.5
2443210 0.5
2443220 0.5
2443230 0.5
2443240 0.5
2443250 0.5
2443260 0.5
2443270 0.5
2443280 0.5
2443290 0.5
2443300 0.5
2443310 0.5
2443320 0.5
2443330 0.5
2443340 0.5
2443350 0.5
2443360 0.5
2443370 0.5
2443380 0.5
2443390 0.5
2443400 0.5
2443410 0.5
2443420 0.5
2443430 0.5
2443440 0.5
2443450 0.5
2443460 0.5
2443470 0.5
2443480 0.5
2443490 0.5
2443500 0.5
2443510 0.5
2443520 0.5
2443530 0.5
2443540 0.5
2443550 0.5
2443560 0.5
2443570 0.5
2443580 0.5
2443590 0.5
2443600 0.5
2443610 0.5
2443620 0.5
2443630 0.5
2443640 0.5
2443650 0.5
2443660 0.5
2443670 0.5
2443680 0.5
2443690 0.5
2443700 0.5
2443710 0.5
2443720 0.5
2443730 0.5
2443740 0.5
2443750 0.5
2443760 0.5
2443770 0.5
2443780 0.5
2443790 0.5
2443800 0.5
2443810 0.5
2443820 0.5
2443830 0.5
2443840 0.5
2443850 0.5
2443860 0.5
2443870 0.5
2443880 0.5
2443890 0.5
2443900 0.5
2443910 0.5
2443920 0.5
2443930 0.5
2443940 0.5
2443950 0.5
2443960 0.5
2443970 0.5
2443980 0.5
2443990 0.5
2444000 0.5
2444010 0.5
2444020 0.5
2444030 0.5
2444040 0.5
2444050 0.5
2444060 0.5
2444070 0.5
2444080 0.5
2444090 0.5
2444100 0.5
2444110 0.5
2444120 0.5
2444130 0.5
2444140 0.5
2444150 0.5
2444160 0.5
2444170 0.5
2444180 0.5
2444190 0.5
2444200 0.5
2444210 0.5
2444220 0.5
2444230 0.5
2444240 0.5
2444250 0.5
2444260 0.5
2444270 0.5
2444280 0.5
2444290 0.5
2444300 0.5
2444310 0.5
2444320 0.5
2444330 0.5
2444340 0.5
2444350 0.5
2444360 0.5
2444370 0.5
2444380 0.5
2444390 0.5
2444400 0.5
2444410 0.5
2444420 0.5
2444430 0.5
2444440 0.5
2444450 0.5
2444460 0.5
2444470 0.5
2444480 0.5
2444490 0.5
2444500 0.5
2444510 0.5
2444520 0.5
2444530 0.5
2444540 0.5
2444550 0.5
2444560 0.5
2444570 0.5
2444580 0.5
2444590 0.5
2444600 0.5
2444610 0.5
2444620 0.5
2444630 0.5
2444640 0.5
2444650 0.5
2444660 0.5
2444670 0.5
2444680 0.5
2444690 0.5
2444700 0.5
2444710 0.5
2444720 0.5
2444730 0.5
2444740 0.5
2444750 0.5
2444760 0.5
2444770 0.5
2444780 0.5
2444790 0.5
2444800 0.5
2444810 0.5
2444820 0.5
2444830 0.5
2444840 0.5
2444850 0.5
2444860 0.5
2444870 0.5
2444880 0.5
2444890 0.5
2444900 0.5
2444910 0.5
2444920 0.5
2444930 0.5
2444940 0.5
2444950 0.5
2444960 0.5
2444970 0.5
2444980 0.5
2444990 0.5
2445000 0.5
2445010 0.5
2445020 0.5
2445030 0.5
2445040 0.5
2445050 0.5
2445060 0.5
2445070 0.5
2445080 0.5
2445090 0.5
2445100 0.5
2445110 0.5
2445120 0.5
2445130 0.5
2445140 0.5
2445150 0.5
2445160 0.5
2445170 0.5
2445180 0.5
2445190 0.5
2445200 0.5
2445210 0.5
2445220 0.5
2445230 0.5
2445240 0.5
2445250 0.5
2445260 0.5
2445270 0.5
2445280 0.5
2445290 0.5
2445300 0.5
2445310 0.5
2445320 0.5
2445330 0.5
2445340 0.5
2445350 0.5
2445360 0.5
2445370 0.5
2445380 0.5
2445390 0.5
2445400 0.5
2445410 0.5
2445420 0.5
2445430 0.5
2445440 0.5
2445450 0.5
2445460 0.5
2445470 0.5
2445480 0.5
2445490 0.5
2445500 0.5
2445510 0.5
2445520 0.5
2445530 0.5
2445540 0.5
2445550 0.5
2445560 0.5
2445570 0.5
2445580 0.5
2445590 0.5
2445600 0.5
2445610 0.5
2445620 0.5
2445630 0.5
2445640 0.5
2445650 0.5
2445660 0.5
2445670 0.5
2445680 0.5
2445690 0.5
2445700 0.5
2445710 0.5
2445720 0.5
2445730 0.5
2445740 0.5
2445750 0.5
2445760 0.5
2445770 0.5
2445780 0.5
2445790 0.5
2445800 0.5
2445810 0.5
2445820 0.5
2445830 0.5
2445840 0.5
2445850 0.5
2445860 0.5
2445870 0.5
2445880 0.5
2445890 0.5
2445900 0.5
2445910 0.5
2445920 0.5
2445930 0.5
2445940 0.5
2445950 0.5
2445960 0.5
2445970 0.5
2445980 0.5
2445990 0.5
2446000 0.5
2446010 0.5
2446020 0.5
2446030 0.5
2446040 0.5
2446050 0.5
2446060 0.5
2446070 0.5
2446080 0.5
2446090 0.5
2446100 0.5
2446110 0.5
2446120 0.5
2446130 0.5
2446140 0.5
2446150 0.5
2446160 0.5
2446170 0.5
2446180 0.5
2446190 0.5
2446200 0.5
2446210 0.5
2446220 0.5
2446230 0.5
2446240 0.5
2446250 0.5
2446260 0.5
2446270 0.5
2446280 0.5
2446290 0.5
2446300 0.5
2446310 0.5
2446320 0.5
2446330 0.5
2446340 0.5
2446350 0.5
2446360 0.5
2446370 0.5
2446380 0.5
2446390 0.5
2446400 0.5
2446410 0.5
2446420 0.5
2446430 0.5
2446440 0.5
2446450 0.5
2446460 0.5
2446470 0.5
2446480 0.5
2446490 0.5
2446500 0.5
2446510 0.5
2446520 0.5
2446530 0.5
2446540 0.5
2446550 0.5
2446560 0.5
2446570 0.5
2446580 0.5
2446590 0.5
2446600 0.5
2446610 0.5
2446620 0.5
2446630 0.5
2446640 0.5
2446650 0.5
2446660 0.5
2446670 0.5
2446680 0.5
2446690 0.5
2446700 0.5
2446710 0.5
2446720 0.5
2446730 0.5
2446740 0.5
2446750 0.5
2446760 0.5
2446770 0.5
2446780 0.5
2446790 0.5
2446800 0.5
2446810 0.5
2446820 0.5
2446830 0.5
2446840 0.5
2446850 0.5
2446860 0.5
2446870 0.5
2446880 0.5
2446890 0.5
2446900 0.5
2446910 0.5
2446920 0.5
2446930 0.5
2446940 0.5
2446950 0.5
2446960 0.5
2446970 0.5
2446980 0.5
2446990 0.5
2447000 0.5
2447010 0.5
2447020 0.5
2447030 0.5
2447040 0.5
2447050 0.5
2447060 0.5
2447070 0.5
2447080 0.5
2447090 0.5
2447100 0.5
2447110 0.5
2447120 0.5
2447130 0.5
2447140 0.5
2447150 0.5
2447160 0.5
2447170 0.5
2447180 0.5
2447190 0.5
2447200 0.5
2447210 0.5
2447220 0.5
2447230 0.5
2447240 0.5
2447250 0.5
2447260 0.5
2447270 0.5
2447280 0.5
2447290 0.5
2447300 0.5
2447310 0.5
2447320 0.5
2447330 0.5
2447340 0.5
2447350 0.5
2447360 0.5
2447370 0.5
2447380 0.5
2447390 0.5
2447400 0.5
2447410 0.5
2447420 0.5
2447430 0.5
2447440 0.5
2447450 0.5
2447460 0.5
2447470 0.5
2447480 0.5
2447490 0.5
2447500 0.5
2447510 0.5
2447520 0.5
2447530 0.5
2447540 0.5
2447550 0.5
2447560 0.5
2447570 0.5
2447580 0.5
2447590 0.5
2447600 0.5
2447610 0.5
2447620 0.5
2447630 0.5
2447640 0.5
2447650 0.5
2447660 0.5
2447670 0.5
2447680 0.5
2447690 0.5
2447700 0.5
2447710 0.5
2447720 0.5
2447730 0.5
2447740 0.5
2447750 0.5
2447760 0.5
2447770 0.5
2447780 0.5
2447790 0.5
2447800 0.5
2447810 0.5
2447820 0.5
2447830 0.5
2447840 0.5
2447850 0.5
2447860 0.5
2447870 0.5
2447880 0.5
2447890 0.5
2447900 0.5
2447910 0.5
2447920 0.5
2447930 0.5
2447940 0.5
2447950 0.5
2447960 0.5
2447970 0.5
2447980 0.5
2447990 0.5
2448000 0.5
2448010 0.5
2448020 0.5
2448030 0.5
2448040 0.5
2448050 0.5
2448060 0.5
2448070 0.5
2448080 0.5
2448090 0.5
2448100 0.5
2448110 0.5
2448120 0.5
2448130 0.5
2448140 0.5
2448150 0.5
2448160 0.5
2448170 0.5
2448180 0.5
2448190 0.5
2448200 0.5
2448210 0.5
2448220 0.5
2448230 0.5
2448240 0.5
2448250 0.5
2448260 0.5
2448270 0.5
2448280 0.5
2448290 0.5
2448300 0.5
2448310 0.5
2448320 0.5
2448330 0.5
2448340 0.5
2448350 0.5
2448360 0.5
2448370 0.5
2448380 0.5
2448390 0.5
2448400 0.5
2448410 0.5
2448420 0.5
2448430 0.5
2448440 0.5
2448450 0.5
2448460 0.5
2448470 0.5
2448480 0.5
2448490 0.5
2448500 0.5
2448510 0.5
2448520 0.5
2448530 0.5
2448540 0.5
2448550 0.5
2448560 0.5
2448570 0.5
2448580 0.5
2448590 0.5
2448600 0.5
2448610 0.5
2448620 0.5
2448630 0.5
2448640 0.5
2448650 0.5
2448660 0.5
2448670 0.5
2448680 0.5
2448690 0.5
2448700 0.5
2448710 0.5
2448720 0.5
2448730 0.5
2448740 0.5
2448750 0.5
2448760 0.5
2448770 0.5
2448780 0.5
2448790 0.5
2448800 0.5
2448810 0.5
2448820 0.5
2448830 0.5
2448840 0.5
2448850 0.5
2448860 0.5
2448870 0.5
2448880 0.5
2448890 0.5
2448900 0.5
2448910 0.5
2448920 0.5
2448930 0.5
2448940 0.5
2448950 0.5
2448960 0.5
2448970 0.5
2448980 0.5
2448990 0.5
2449000 0.5
2449010 0.5
2449020 0.5
2449030 0.5
2449040 0.5
2449050 0.5
2449060 0.5
2449070 0.5
2449080 0.5
2449090 0.5
2449100 0.5
2449110 0.5
2449120 0.5
2449130 0.5
2449140 0.5
2449150 0.5
2449160 0.5
2449170 0.5
2449180 0.5
2449190 0.5
2449200 0.5
2449210 0.5
2449220 0.5
2449230 0.5
2449240 0.5
2449250 0.5
2449260 0.5
2449270 0.5
2449280 0.5
2449290 0.5
2449300 0.5
2449310 0.5
2449320 0.5
2449330 0.5
2449340 0.5
2449350 0.5
2449360 0.5
2449370 0.5
2449380 0.5
2449390 0.5
2449400 0.5
2449410 0.5
2449420 0.5
2449430 0.5
2449440 0.5
2449450 0.5
2449460 0.5
2449470 0.5
2449480 0.5
2449490 0.5
2449500 0.5
2449510 0.5
2449520 0.5
2449530 0.5
2449540 0.5
2449550 0.5
2449560 0.5
2449570 0.5
2449580 0.5
2449590 0.5
2449600 0.5
2449610 0.5
2449620 0.5
2449630 0.5
2449640 0.5
2449650 0.5
2449660 0.5
2449670 0.5
2449680 0.5
2449690 0.5
2449700 0.5
2449710 0.5
2449720 0.5
2449730 0.5
2449740 0.5
2449750 0.5
2449760 0.5
2449770 0.5
2449780 0.5
2449790 0.5
2449800 0.5
2449810 0.5
2449820 0.5
2449830 0.5
2449840 0.5
2449850 0.5
2449860 0.5
2449870 0.5
2449880 0.5
2449890 0.5
2449900 0.5
2449910 0.5
2449920 0.5
2449930 0.5
2449940 0.5
2449950 0.5
2449960 0.5
2449970 0.5
2449980 0.5
2449990 0.5
2450000 0.5
2450010 0.5
2450020 0.5
2450030 0.5
2450040 0.5
2450050 0.5
2450060 0.5
2450070 0.5
2450080 0.5
2450090 0.5
2450100 0.5
2450110 0.5
2450120 0.5
2450130 0.5
2450140 0.5
2450150 0.5
2450160 0.5
2450170 0.5
2450180 0.5
2450190 0.5
2450200 0.5
2450210 0.5
2450220 0.5
2450230 0.5
2450240 0.5
2450250 0.5
2450260 0.5
2450270 0.5
2450280 0.5
2450290 0.5
2450300 0.5
2450310 0.5
2450320 0.5
2450330 0.5
2450340 0.5
2450350 0.5
2450360 0.5
2450370 0.5
2450380 0.5
2450390 0.5
2450400 0.5
2450410 0.5
2450420 0.5
2450430 0.5
2450440 0.5
2450450 0.5
2450460 0.5
2450470 0.5
2450480 0.5
2450490 0.5
2450500 0.5
2450510 0.5
2450520 0.5
2450530 0.5
2450540 0.5
2450550 0.5
2450560 0.5
2450570 0.5
2450580 0.5
2450590 0.5
2450600 0.5
2450610 0.5
2450620 0.5
2450630 0.5
2450640 0.5
2450650 0.5
2450660 0.5
2450670 0.5
2450680 0.5
2450690 0.5
2450700 0.5
2450710 0.5
2450720 0.5
2450730 0.5
2450740 0.5
2450750 0.5
2450760 0.5
2450770 0.5
2450780 0.5
2450790 0.5
2450800 0.5
2450810 0.5
2450820 0.5
2450830 0.5
2450840 0.5
2450850 0.5
2450860 0.5
2450870 0.5
2450880 0.5
2450890 0.5
2450900 0.5
2450910 0.5
2450920 0.5
2450930 0.5
2450940 0.5
2450950 0.5
2450960 0.5
2450970 0.5
2450980 0.5
2450990 0.5
2451000 0.5
2451010 0.5
2451020 0.5
2451030 0.5
2451040 0.5
2451050 0.5
2451060 0.5
2451070 0.5
2451080 0.5
2451090 0.5
2451100 0.5
2451110 0.5
2451120 0.5
2451130 0.5
2451140 0.5
2451150 0.5
2451160 0.5
2451170 0.5
2451180 0.5
2451190 0.5
2451200 0.5
2451210 0.5
2451220 0.5
2451230 0.5
2451240 0.5
2451250 0.5
2451260 0.5
2451270 0.5
2451280 0.5
2451290 0.5
2451300 0.5
2451310 0.5
2451320 0.5
2451330 0.5
2451340 0.5
2451350 0.5
2451360 0.5
2451370 0.5
2451380 0.5
2451390 0.5
2451400 0.5
2451410 0.5
2451420 0.5
2451430 0.5
2451440 0.5
2451450 0.5
2451460 0.5
2451470 0.5
2451480 0.5
2451490 0.5
2451500 0.5
2451510 0.5
2451520 0.5
2451530 0.5
2451540 0.5
2451550 0.5
2451560 0.5
2451570 0.5
2451580 0.5
2451590 0.5
2451600 0.5
2451610 0.5
2451620 0.5
2451630 0.5
2451640 0.5
2451650 0.5
2451660 0.5
2451670 0.5
2451680 0.5
2451690 0.5
2451700 0.5
2451710 0.5
2451720 0.5
2451730 0.5
2451740 0.5
2451750 0.5
2451760 0.5
2451770 0.5
2451780 0.5
2451790 0.5
2451800 0.5
2451810 0.5
2451820 0.5
2451830 0.5
2451840 0.5
2451850 0.5
2451860 0.5
2451870 0.5
2451880 0.5
2451890 0.5
2451900 0.5
2451910 0.5
2451920 0.5
2451930 0.5
2451940 0.5
2451950 0.5
2451960 0.5
2451970 0.5
2451980 0.5
2451990 0.5
2452000 0.5
