2448257 0.5
2448267 0.5
2448277 0.5
2448287 0.5
2448297 0.5
2448307 0.5
2448317 0.5
2448327 0.5
2448337 0.5
2448347 0.5
2448357 0.5
2448367 0.5
2448377 0.5
2448387 0.5
2448397 0.5
2448407 0.5
2448417 0.5
2448427 0.5
2448437 0.5
2448447 0.5
2448457 0.5
2448467 0.5
2448477 0.5
2448487 0.5
2448497 0.5
2448507 0.5
2448517 0.5
2448527 0.5
2448537 0.5
2448547 0.5
2448557 0.5
2448567 0.5
2448577 0.5
2448587 0.5
2448597 0.5
2448607 0.5
2448617 0.5
2448627 0.5
2448637 0.5
2448647 0.5
2448657 0.5
2448667 0.5
2448677 0.5
2448687 0.5
2448697 0.5
2448707 0.5
2448717 0.5
2448727 0.5
2448737 0.5
2448747 0.5
2448757 0.5
2448767 0.5
2448777 0.5
2448787 0.5
2448797 0.5
2448807 0.5
2448817 0.5
2448827 0.5
2448837 0.5
2448847 0.5
2448857 0.5
2448867 0.5
2448877 0.5
2448887 0.5
2448897 0.5
2448907 0.5
2448917 0.5
2448927 0.5
2448937 0.5
2448947 0.5
2448957 0.5
2448967 0.5
2448977 0.5
2448987 0.5
2448997 0.5
2449007 0.5
2449017 0.5
2449027 0.5
2449037 0.5
2449047 0.5
2449057 0.5
2449067 0.5
2449077 0.5
2449087 0.5
2449097 0.5
2449107 0.5
2449117 0.5
2449127 0.5
2449137 0.5
2449147 0.5
2449157 0.5
2449167 0.5
2449177 0.5
2449187 0.5
2449197 0.5
2449207 0.5
2449217 0.5
2449227 0.5
2449237 0.5
2449247 0.5
2449257 0.5
2449267 0.5
2449277 0.5
2449287 0.5
2449297 0.5
2449307 0.5
2449317 0.5
2449327 0.5
2449337 0.5
2449347 0.5
2449357 0.5
2449367 0.5
2449377 0.5
2449387 0.5
2449397 0.5
2449407 0.5
2449417 0.5
2449427 0.5
2449437 0.5
2449447 0.5
2449457 0.5
2449467 0.5
2449477 0.5
2449487 0.5
2449497 0.5
2449507 0.5
2449517 0.5
2449527 0.5
2449537 0.5
2449547 0.5
2449557 0.5
2449567 0.5
2449577 0.5
2449587 0.5
2449597 0.5
2449607 0.5
2449617 0.5
2449627 0.5
2449637 0.5
2449647 0.5
2449657 0.5
2449667 0.5
2449677 0.5
2449687 0.5
2449697 0.5
2449707 0.5
2449717 0.5
2449727 0.5
2449737 0.5
2449747 0.5
2449757 0.5
2449767 0.5
2449777 0.5
2449787 0.5
2449797 0.5
2449807 0.5
2449817 0.5
2449827 0.5
2449837 0.5
2449847 0.5
2449857 0.5
2449867 0.5
2449877 0.5
2449887 0.5
2449897 0.5
2449907 0.5
2449917 0.5
2449927 0.5
2449937 0.5
2449947 0.5
2449957 0.5
2449967 0.5
2449977 0.5
2449987 0.5
2449997 0.5
2450007 0.5
2450017 0.5
2450027 0.5
2450037 0.5
2450047 0.5
2450057 0.5
2450067 0.5
2450077 0.5
2450087 0.5
2450097 0.5
2450107 0.5
2450117 0.5
2450127 0.5
2450137 0.5
2450147 0.5
2450157 0.5
2450167 0.5
2450177 0.5
2450187 0.5
2450197 0.5
2450207 0.5
2450217 0.5
2450227 0.5
2450237 0.5
2450247 0.5
2450257 0.5
2450267 0.5
2450277 0.5
2450287 0.5
2450297 0.5
2450307 0.5
2450317 0.5
2450327 0.5
2450337 0.5
2450347 0.5
2450357 0.5
2450367 0.5
2450377 0.5
2450387 0.5
2450397 0.5
2450407 0.5
2450417 0.5
2450427 0.5
2450437 0.5
2450447 0.5
2450457 0.5
2450467 0.5
2450477 0.5
2450487 0.5
2450497 0.5
2450507 0.5
2450517 0.5
2450527 0.5
2450537 0.5
2450547 0.5
2450557 0.5
2450567 0.5
2450577 0.5
2450587 0.5
2450597 0.5
2450607 0.5
2450617 0.5
2450627 0.5
2450637 0.5
2450647 0.5
2450657 0.5
2450667 0.5
2450677 0.5
2450687 0.5
2450697 0.5
2450707 0.5
2450717 0.5
2450727 0.5
2450737 0.5
2450747 0.5
2450757 0.5
2450767 0.5
2450777 0.5
2450787 0.5
2450797 0.5
2450807 0.5
2450817 0.5
2450827 0.5
2450837 0.5
2450847 0.5
2450857 0.5
2450867 0.5
2450877 0.5
2450887 0.5
2450897 0.5
2450907 0.5
2450917 0.5
2450927 0.5
2450937 0.5
2450947 0.5
2450957 0.5
2450967 0.5
2450977 0.5
2450987 0.5
2450997 0.5
2451007 0.5
2451017 0.5
2451027 0.5
2451037 0.5
2451047 0.5
2451057 0.5
2451067 0.5
2451077 0.5
2451087 0.5
2451097 0.5
2451107 0.5
2451117 0.5
2451127 0.5
2451137 0.5
2451147 0.5
2451157 0.5
2451167 0.5
2451177 0.5
2451187 0.5
2451197 0.5
2451207 0.5
2451217 0.5
2451227 0.5
2451237 0.5
2451247 0.5
2451257 0.5
2451267 0.5
2451277 0.5
2451287 0.5
2451297 0.5
2451307 0.5
2451317 0.5
2451327 0.5
2451337 0.5
2451347 0.5
2451357 0.5
2451367 0.5
2451377 0.5
2451387 0.5
2451397 0.5
2451407 0.5
2451417 0.5
2451427 0.5
2451437 0.5
2451447 0.5
2451457 0.5
2451467 0.5
2451477 0.5
2451487 0.5
2451497 0.5
2451507 0.5
2451517 0.5
2451527 0.5
2451537 0.5
2451547 0.5
2451557 0.5
2451567 0.5
2451577 0.5
2451587 0.5
2451597 0.5
2451607 0.5
2451617 0.5
2451627 0.5
2451637 0.5
2451647 0.5
2451657 0.5
2451667 0.5
2451677 0.5
2451687 0.5
2451697 0.5
2451707 0.5
2451717 0.5
2451727 0.5
2451737 0.5
2451747 0.5
2451757 0.5
2451767 0.5
2451777 0.5
2451787 0.5
2451797 0.5
2451807 0.5
2451817 0.5
2451827 0.5
2451837 0.5
2451847 0.5
2451857 0.5
2451867 0.5
2451877 0.5
2451887 0.5
2451897 0.5
2451907 0.5
2451917 0.5
2451927 0.5
2451937 0.5
2451947 0.5
2451957 0.5
2451967 0.5
2451977 0.5
2451987 0.5
2451997 0.5
2452007 0.5
2452017 0.5
2452027 0.5
2452037 0.5
2452047 0.5
2452057 0.5
2452067 0.5
2452077 0.5
2452087 0.5
2452097 0.5
2452107 0.5
2452117 0.5
2452127 0.5
2452137 0.5
2452147 0.5
2452157 0.5
2452167 0.5
2452177 0.5
2452187 0.5
2452197 0.5
2452207 0.5
2452217 0.5
2452227 0.5
2452237 0.5
2452247 0.5
2452257 0.5
2452267 0.5
2452277 0.5
2452287 0.5
2452297 0.5
2452307 0.5
2452317 0.5
2452327 0.5
2452337 0.5
2452347 0.5
2452357 0.5
2452367 0.5
2452377 0.5
2452387 0.5
2452397 0.5
2452407 0.5
2452417 0.5
2452427 0.5
2452437 0.5
2452447 0.5
2452457 0.5
2452467 0.5
2452477 0.5
2452487 0.5
2452497 0.5
2452507 0.5
2452517 0.5
2452527 0.5
2452537 0.5
2452547 0.5
2452557 0.5
2452567 0.5
2452577 0.5
2452587 0.5
2452597 0.5
2452607 0.5
2452617 0.5
2452627 0.5
2452637 0.5
2452647 0.5
2452657 0.5
2452667 0.5
2452677 0.5
2452687 0.5
2452697 0.5
2452707 0.5
2452717 0.5
2452727 0.5
2452737 0.5
2452747 0.5
2452757 0.5
2452767 0.5
2452777 0.5
2452787 0.5
2452797 0.5
2452807 0.5
2452817 0.5
2452827 0.5
2452837 0.5
2452847 0.5
2452857 0.5
2452867 0.5
2452877 0.5
2452887 0.5
2452897 0.5
2452907 0.5
2452917 0.5
2452927 0.5
2452937 0.5
2452947 0.5
2452957 0.5
2452967 0.5
2452977 0.5
2452987 0.5
2452997 0.5
2453007 0.5
2453017 0.5
2453027 0.5
2453037 0.5
2453047 0.5
2453057 0.5
2453067 0.5
2453077 0.5
2453087 0.5
2453097 0.5
2453107 0.5
2453117 0.5
2453127 0.5
2453137 0.5
2453147 0.5
2453157 0.5
2453167 0.5
2453177 0.5
2453187 0.5
2453197 0.5
2453207 0.5
2453217 0.5
2453227 0.5
2453237 0.5
2453247 0.5
2453257 0.5
2453267 0.5
2453277 0.5
2453287 0.5
2453297 0.5
2453307 0.5
2453317 0.5
2453327 0.5
2453337 0.5
2453347 0.5
2453357 0.5
2453367 0.5
2453377 0.5
2453387 0.5
2453397 0.5
2453407 0.5
2453417 0.5
2453427 0.5
2453437 0.5
2453447 0.5
2453457 0.5
2453467 0.5
2453477 0.5
2453487 0.5
2453497 0.5
2453507 0.5
2453517 0.5
2453527 0.5
2453537 0.5
2453547 0.5
2453557 0.5
2453567 0.5
2453577 0.5
2453587 0.5
2453597 0.5
2453607 0.5
2453617 0.5
2453627 0.5
2453637 0.5
2453647 0.5
2453657 0.5
2453667 0.5
2453677 0.5
2453687 0.5
2453697 0.5
2453707 0.5
2453717 0.5
2453727 0.5
2453737 0.5
2453747 0.5
2453757 0.5
2453767 0.5
2453777 0.5
2453787 0.5
2453797 0.5
2453807 0.5
2453817 0.5
2453827 0.5
2453837 0.5
2453847 0.5
2453857 0.5
2453867 0.5
2453877 0.5
2453887 0.5
2453897 0.5
2453907 0.5
2453917 0.5
2453927 0.5
2453937 0.5
2453947 0.5
2453957 0.5
2453967 0.5
2453977 0.5
2453987 0.5
2453997 0.5
2454007 0.5
2454017 0.5
2454027 0.5
2454037 0.5
2454047 0.5
2454057 0.5
2454067 0.5
2454077 0.5
2454087 0.5
2454097 0.5
2454107 0.5
2454117 0.5
2454127 0.5
2454137 0.5
2454147 0.5
2454157 0.5
2454167 0.5
2454177 0.5
2454187 0.5
2454197 0.5
2454207 0.5
2454217 0.5
2454227 0.5
2454237 0.5
2454247 0.5
2454257 0.5
2454267 0.5
2454277 0.5
2454287 0.5
2454297 0.5
2454307 0.5
2454317 0.5
2454327 0.5
2454337 0.5
2454347 0.5
2454357 0.5
2454367 0.5
2454377 0.5
2454387 0.5
2454397 0.5
2454407 0.5
2454417 0.5
2454427 0.5
2454437 0.5
2454447 0.5
2454457 0.5
2454467 0.5
2454477 0.5
2454487 0.5
2454497 0.5
2454507 0.5
2454517 0.5
2454527 0.5
2454537 0.5
2454547 0.5
2454557 0.5
2454567 0.5
2454577 0.5
2454587 0.5
2454597 0.5
2454607 0.5
2454617 0.5
2454627 0.5
2454637 0.5
2454647 0.5
2454657 0.5
2454667 0.5
2454677 0.5
2454687 0.5
2454697 0.5
2454707 0.5
2454717 0.5
2454727 0.5
2454737 0.5
2454747 0.5
2454757 0.5
2454767 0.5
2454777 0.5
2454787 0.5
2454797 0.5
2454807 0.5
2454817 0.5
2454827 0.5
2454837 0.5
2454847 0.5
2454857 0.5
2454867 0.5
2454877 0.5
2454887 0.5
2454897 0.5
2454907 0.5
2454917 0.5
2454927 0.5
2454937 0.5
2454947 0.5
2454957 0.5
2454967 0.5
2454977 0.5
2454987 0.5
2454997 0.5
2455007 0.5
2455017 0.5
2455027 0.5
2455037 0.5
2455047 0.5
2455057 0.5
2455067 0.5
2455077 0.5
2455087 0.5
2455097 0.5
2455107 0.5
2455117 0.5
2455127 0.5
2455137 0.5
2455147 0.5
2455157 0.5
2455167 0.5
2455177 0.5
2455187 0.5
2455197 0.5
2455207 0.5
2455217 0.5
2455227 0.5
2455237 0.5
2455247 0.5
2455257 0.5
2455267 0.5
2455277 0.5
2455287 0.5
2455297 0.5
2455307 0.5
2455317 0.5
2455327 0.5
2455337 0.5
2455347 0.5
2455357 0.5
2455367 0.5
2455377 0.5
2455387 0.5
2455397 0.5
2455407 0.5
2455417 0.5
2455427 0.5
2455437 0.5
2455447 0.5
2455457 0.5
2455467 0.5
2455477 0.5
2455487 0.5
2455497 0.5
2455507 0.5
2455517 0.5
2455527 0.5
2455537 0.5
2455547 0.5
2455557 0.5
2455567 0.5
2455577 0.5
2455587 0.5
2455597 0.5
2455607 0.5
2455617 0.5
2455627 0.5
2455637 0.5
2455647 0.5
2455657 0.5
2455667 0.5
2455677 0.5
2455687 0.5
2455697 0.5
2455707 0.5
2455717 0.5
2455727 0.5
2455737 0.5
2455747 0.5
2455757 0.5
2455767 0.5
2455777 0.5
2455787 0.5
2455797 0.5
2455807 0.5
2455817 0.5
2455827 0.5
2455837 0.5
2455847 0.5
2455857 0.5
2455867 0.5
2455877 0.5
2455887 0.5
2455897 0.5
2455907 0.5
2455917 0.5
2455927 0.5
2455937 0.5
2455947 0.5
2455957 0.5
2455967 0.5
2455977 0.5
2455987 0.5
2455997 0.5
2456007 0.5
2456017 0.5
2456027 0.5
2456037 0.5
2456047 0.5
2456057 0.5
2456067 0.5
2456077 0.5
2456087 0.5
2456097 0.5
2456107 0.5
2456117 0.5
2456127 0.5
2456137 0.5
2456147 0.5
2456157 0.5
2456167 0.5
2456177 0.5
2456187 0.5
2456197 0.5
2456207 0.5
2456217 0.5
2456227 0.5
2456237 0.5
2456247 0.5
2456257 0.5
2456267 0.5
2456277 0.5
2456287 0.5
2456297 0.5
2456307 0.5
2456317 0.5
2456327 0.5
2456337 0.5
2456347 0.5
2456357 0.5
2456367 0.5
2456377 0.5
2456387 0.5
2456397 0.5
2456407 0.5
2456417 0.5
2456427 0.5
2456437 0.5
2456447 0.5
2456457 0.5
2456467 0.5
2456477 0.5
2456487 0.5
2456497 0.5
2456507 0.5
2456517 0.5
2456527 0.5
2456537 0.5
2456547 0.5
2456557 0.5
2456567 0.5
2456577 0.5
2456587 0.5
2456597 0.5
2456607 0.5
2456617 0.5
2456627 0.5
2456637 0.5
2456647 0.5
2456657 0.5
2456667 0.5
2456677 0.5
2456687 0.5
2456697 0.5
2456707 0.5
2456717 0.5
2456727 0.5
2456737 0.5
2456747 0.5
2456757 0.5
2456767 0.5
2456777 0.5
2456787 0.5
2456797 0.5
2456807 0.5
2456817 0.5
2456827 0.5
2456837 0.5
2456847 0.5
2456857 0.5
2456867 0.5
2456877 0.5
2456887 0.5
2456897 0.5
2456907 0.5
2456917 0.5
2456927 0.5
2456937 0.5
2456947 0.5
2456957 0.5
2456967 0.5
2456977 0.5
2456987 0.5
2456997 0.5
2457007 0.5
2457017 0.5
2457027 0.5
2457037 0.5
2457047 0.5
2457057 0.5
2457067 0.5
2457077 0.5
2457087 0.5
2457097 0.5
2457107 0.5
2457117 0.5
2457127 0.5
2457137 0.5
2457147 0.5
2457157 0.5
2457167 0.5
2457177 0.5
2457187 0.5
2457197 0.5
2457207 0.5
2457217 0.5
2457227 0.5
2457237 0.5
2457247 0.5
2457257 0.5
2457267 0.5
2457277 0.5
2457287 0.5
2457297 0.5
2457307 0.5
2457317 0.5
2457327 0.5
2457337 0.5
2457347 0.5
2457357 0.5
2457367 0.5
2457377 0.5
2457387 0.5
2457397 0.5
2457407 0.5
2457417 0.5
2457427 0.5
2457437 0.5
2457447 0.5
2457457 0.5
2457467 0.5
2457477 0.5
2457487 0.5
2457497 0.5
2457507 0.5
2457517 0.5
2457527 0.5
2457537 0.5
2457547 0.5
2457557 0.5
2457567 0.5
2457577 0.5
2457587 0.5
2457597 0.5
2457607 0.5
2457617 0.5
2457627 0.5
2457637 0.5
2457647 0.5
2457657 0.5
2457667 0.5
2457677 0.5
2457687 0.5
2457697 0.5
2457707 0.5
2457717 0.5
2457727 0.5
2457737 0.5
2457747 0.5
2457757 0.5
2457767 0.5
2457777 0.5
2457787 0.5
2457797 0.5
2457807 0.5
2457817 0.5
2457827 0.5
2457837 0.5
2457847 0.5
2457857 0.5
2457867 0.5
2457877 0.5
2457887 0.5
2457897 0.5
2457907 0.5
2457917 0.5
2457927 0.5
2457937 0.5
2457947 0.5
2457957 0.5
2457967 0.5
2457977 0.5
2457987 0.5
2457997 0.5
2458007 0.5
2458017 0.5
2458027 0.5
2458037 0.5
2458047 0.5
2458057 0.5
2458067 0.5
2458077 0.5
2458087 0.5
2458097 0.5
2458107 0.5
2458117 0.5
2458127 0.5
2458137 0.5
2458147 0.5
2458157 0.5
2458167 0.5
2458177 0.5
2458187 0.5
2458197 0.5
2458207 0.5
2458217 0.5
2458227 0.5
2458237 0.5
2458247 0.5
2458257 0.5
2458267 0.5
2458277 0.5
2458287 0.5
2458297 0.5
2458307 0.5
2458317 0.5
2458327 0.5
2458337 0.5
2458347 0.5
2458357 0.5
2458367 0.5
2458377 0.5
2458387 0.5
2458397 0.5
2458407 0.5
2458417 0.5
2458427 0.5
2458437 0.5
2458447 0.5
2458457 0.5
2458467 0.5
2458477 0.5
2458487 0.5
2458497 0.5
2458507 0.5
2458517 0.5
2458527 0.5
2458537 0.5
2458547 0.5
2458557 0.5
2458567 0.5
2458577 0.5
2458587 0.5
2458597 0.5
2458607 0.5
2458617 0.5
2458627 0.5
2458637 0.5
2458647 0.5
2458657 0.5
2458667 0.5
2458677 0.5
2458687 0.5
2458697 0.5
2458707 0.5
2458717 0.5
2458727 0.5
2458737 0.5
2458747 0.5
2458757 0.5
2458767 0.5
2458777 0.5
2458787 0.5
2458797 0.5
2458807 0.5
2458817 0.5
2458827 0.5
2458837 0.5
2458847 0.5
2458857 0.5
2458867 0.5
2458877 0.5
2458887 0.5
2458897 0.5
2458907 0.5
2458917 0.5
2458927 0.5
2458937 0.5
2458947 0.5
2458957 0.5
2458967 0.5
2458977 0.5
2458987 0.5
2458997 0.5
2459007 0.5
2459017 0.5
2459027 0.5
2459037 0.5
2459047 0.5
2459057 0.5
2459067 0.5
2459077 0.5
2459087 0.5
2459097 0.5
2459107 0.5
2459117 0.5
2459127 0.5
2459137 0.5
2459147 0.5
2459157 0.5
2459167 0.5
2459177 0.5
2459187 0.5
2459197 0.5
2459207 0.5
2459217 0.5
2459227 0.5
2459237 0.5
2459247 0.5
2459257 0.5
2459267 0.5
2459277 0.5
2459287 0.5
2459297 0.5
2459307 0.5
2459317 0.5
2459327 0.5
2459337 0.5
2459347 0.5
2459357 0.5
2459367 0.5
2459377 0.5
2459387 0.5
2459397 0.5
2459407 0.5
2459417 0.5
2459427 0.5
2459437 0.5
2459447 0.5
2459457 0.5
2459467 0.5
2459477 0.5
2459487 0.5
2459497 0.5
2459507 0.5
2459517 0.5
2459527 0.5
2459537 0.5
2459547 0.5
2459557 0.5
2459567 0.5
2459577 0.5
2459587 0.5
2459597 0.5
2459607 0.5
2459617 0.5
2459627 0.5
2459637 0.5
2459647 0.5
2459657 0.5
2459667 0.5
2459677 0.5
2459687 0.5
2459697 0.5
2459707 0.5
2459717 0.5
2459727 0.5
2459737 0.5
2459747 0.5
2459757 0.5
2459767 0.5
2459777 0.5
2459787 0.5
2459797 0.5
2459807 0.5
2459817 0.5
2459827 0.5
2459837 0.5
2459847 0.5
2459857 0.5
2459867 0.5
2459877 0.5
2459887 0.5
2459897 0.5
2459907 0.5
2459917 0.5
2459927 0.5
2459937 0.5
2459947 0.5
2459957 0.5
2459967 0.5
2459977 0.5
2459987 0.5
2459997 0.5
2460007 0.5
2460017 0.5
2460027 0.5
2460037 0.5
2460047 0.5
2460057 0.5
2460067 0.5
2460077 0.5
2460087 0.5
2460097 0.5
2460107 0.5
2460117 0.5
2460127 0.5
2460137 0.5
2460147 0.5
2460157 0.5
2460167 0.5
2460177 0.5
2460187 0.5
2460197 0.5
2460207 0.5
2460217 0.5
2460227 0.5
2460237 0.5
2460247 0.5
2460257 0.5
2460267 0.5
2460277 0.5
2460287 0.5
2460297 0.5
2460307 0.5
2460317 0.5
2460327 0.5
2460337 0.5
2460347 0.5
2460357 0.5
2460367 0.5
2460377 0.5
2460387 0.5
2460397 0.5
2460407 0.5
2460417 0.5
2460427 0.5
2460437 0.5
2460447 0.5
2460457 0.5
2460467 0.5
2460477 0.5
2460487 0.5
2460497 0.5
2460507 0.5
2460517 0.5
2460527 0.5
2460537 0.5
2460547 0.5
2460557 0.5
2460567 0.5
2460577 0.5
2460587 0.5
2460597 0.5
2460607 0.5
2460617 0.5
2460627 0.5
2460637 0.5
2460647 0.5
2460657 0.5
2460667 0.5
2460677 0.5
2460687 0.5
2460697 0.5
2460707 0.5
2460717 0.5
2460727 0.5
2460737 0.5
2460747 0.5
2460757 0.5
2460767 0.5
2460777 0.5
2460787 0.5
2460797 0.5
2460807 0.5
2460817 0.5
2460827 0.5
2460837 0.5
2460847 0.5
2460857 0.5
2460867 0.5
2460877 0.5
2460887 0.5
2460897 0.5
2460907 0.5
2460917 0.5
2460927 0.5
2460937 0.5
2460947 0.5
2460957 0.5
2460967 0.5
2460977 0.5
2460987 0.5
2460997 0.5
2461007 0.5
2461017 0.5
2461027 0.5
2461037 0.5
2461047 0.5
2461057 0.5
2461067 0.5
2461077 0.5
2461087 0.5
2461097 0.5
2461107 0.5
2461117 0.5
2461127 0.5
2461137 0.5
2461147 0.5
2461157 0.5
2461167 0.5
2461177 0.5
2461187 0.5
2461197 0.5
2461207 0.5
2461217 0.5
2461227 0.5
2461237 0.5
2461247 0.5
2461257 0.5
2461267 0.5
2461277 0.5
2461287 0.5
2461297 0.5
2461307 0.5
2461317 0.5
2461327 0.5
2461337 0.5
2461347 0.5
2461357 0.5
2461367 0.5
2461377 0.5
2461387 0.5
2461397 0.5
2461407 0.5
2461417 0.5
2461427 0.5
2461437 0.5
2461447 0.5
2461457 0.5
2461467 0.5
2461477 0.5
2461487 0.5
2461497 0.5
2461507 0.5
2461517 0.5
2461527 0.5
2461537 0.5
2461547 0.5
2461557 0.5
2461567 0.5
2461577 0.5
2461587 0.5
2461597 0.5
2461607 0.5
2461617 0.5
2461627 0.5
2461637 0.5
2461647 0.5
2461657 0.5
2461667 0.5
2461677 0.5
2461687 0.5
2461697 0.5
2461707 0.5
2461717 0.5
2461727 0.5
2461737 0.5
2461747 0.5
2461757 0.5
2461767 0.5
2461777 0.5
2461787 0.5
2461797 0.5
2461807 0.5
2461817 0.5
2461827 0.5
2461837 0.5
2461847 0.5
2461857 0.5
2461867 0.5
2461877 0.5
2461887 0.5
2461897 0.5
2461907 0.5
2461917 0.5
2461927 0.5
2461937 0.5
2461947 0.5
2461957 0.5
2461967 0.5
2461977 0.5
2461987 0.5
2461997 0.5
2462007 0.5
2462017 0.5
2462027 0.5
2462037 0.5
2462047 0.5
2462057 0.5
2462067 0.5
2462077 0.5
2462087 0.5
2462097 0.5
2462107 0.5
2462117 0.5
2462127 0.5
2462137 0.5
2462147 0.5
2462157 0.5
