2442596 0.375
2442606 0.375
2442616 0.375
2442626 0.375
2442636 0.375
2442646 0.375
2442656 0.375
2442666 0.375
2442676 0.375
2442686 0.375
2442696 0.375
2442706 0.375
2442716 0.375
2442726 0.375
2442736 0.375
2442746 0.375
2442756 0.375
2442766 0.375
2442776 0.375
2442786 0.375
2442796 0.375
2442806 0.375
2442816 0.375
2442826 0.375
2442836 0.375
2442846 0.375
2442856 0.375
2442866 0.375
2442876 0.375
2442886 0.375
2442896 0.375
2442906 0.375
2442916 0.375
2442926 0.375
2442936 0.375
2442946 0.375
2442956 0.375
2442966 0.375
2442976 0.375
2442986 0.375
2442996 0.375
2443006 0.375
2443016 0.375
2443026 0.375
2443036 0.375
2443046 0.375
2443056 0.375
2443066 0.375
2443076 0.375
2443086 0.375
2443096 0.375
2443106 0.375
2443116 0.375
2443126 0.375
2443136 0.375
2443146 0.375
2443156 0.375
2443166 0.375
2443176 0.375
2443186 0.375
2443196 0.375
2443206 0.375
2443216 0.375
2443226 0.375
2443236 0.375
2443246 0.375
2443256 0.375
2443266 0.375
2443276 0.375
2443286 0.375
2443296 0.375
2443306 0.375
2443316 0.375
2443326 0.375
2443336 0.375
2443346 0.375
2443356 0.375
2443366 0.375
2443376 0.375
2443386 0.375
2443396 0.375
2443406 0.375
2443416 0.375
2443426 0.375
2443436 0.375
2443446 0.375
2443456 0.375
2443466 0.375
2443476 0.375
2443486 0.375
2443496 0.375
2443506 0.375
2443516 0.375
2443526 0.375
2443536 0.375
2443546 0.375
2443556 0.375
2443566 0.375
2443576 0.375
2443586 0.375
2443596 0.375
2443606 0.375
2443616 0.375
2443626 0.375
2443636 0.375
2443646 0.375
2443656 0.375
2443666 0.375
2443676 0.375
2443686 0.375
2443696 0.375
2443706 0.375
2443716 0.375
2443726 0.375
2443736 0.375
2443746 0.375
2443756 0.375
2443766 0.375
2443776 0.375
2443786 0.375
2443796 0.375
2443806 0.375
2443816 0.375
2443826 0.375
2443836 0.375
2443846 0.375
2443856 0.375
2443866 0.375
2443876 0.375
2443886 0.375
2443896 0.375
2443906 0.375
2443916 0.375
2443926 0.375
2443936 0.375
2443946 0.375
2443956 0.375
2443966 0.375
2443976 0.375
2443986 0.375
2443996 0.375
2444006 0.375
2444016 0.375
2444026 0.375
2444036 0.375
2444046 0.375
2444056 0.375
2444066 0.375
2444076 0.375
2444086 0.375
2444096 0.375
2444106 0.375
2444116 0.375
2444126 0.375
2444136 0.375
2444146 0.375
2444156 0.375
2444166 0.375
2444176 0.375
2444186 0.375
2444196 0.375
2444206 0.375
2444216 0.375
2444226 0.375
2444236 0.375
2444246 0.375
2444256 0.375
2444266 0.375
2444276 0.375
2444286 0.375
2444296 0.375
2444306 0.375
2444316 0.375
2444326 0.375
2444336 0.375
2444346 0.375
2444356 0.375
2444366 0.375
2444376 0.375
2444386 0.375
2444396 0.375
2444406 0.375
2444416 0.375
2444426 0.375
2444436 0.375
2444446 0.375
2444456 0.375
2444466 0.375
2444476 0.375
2444486 0.375
2444496 0.375
2444506 0.375
2444516 0.375
2444526 0.375
2444536 0.375
2444546 0.375
2444556 0.375
2444566 0.375
2444576 0.375
2444586 0.375
2444596 0.375
2444606 0.375
2444616 0.375
2444626 0.375
2444636 0.375
2444646 0.375
2444656 0.375
2444666 0.375
2444676 0.375
2444686 0.375
2444696 0.375
2444706 0.375
2444716 0.375
2444726 0.375
2444736 0.375
2444746 0.375
2444756 0.375
2444766 0.375
2444776 0.375
2444786 0.375
2444796 0.375
2444806 0.375
2444816 0.375
2444826 0.375
2444836 0.375
2444846 0.375
2444856 0.375
2444866 0.375
2444876 0.375
2444886 0.375
2444896 0.375
2444906 0.375
2444916 0.375
2444926 0.375
2444936 0.375
2444946 0.375
2444956 0.375
2444966 0.375
2444976 0.375
2444986 0.375
2444996 0.375
2445006 0.375
2445016 0.375
2445026 0.375
2445036 0.375
2445046 0.375
2445056 0.375
2445066 0.375
2445076 0.375
2445086 0.375
2445096 0.375
2445106 0.375
2445116 0.375
2445126 0.375
2445136 0.375
2445146 0.375
2445156 0.375
2445166 0.375
2445176 0.375
2445186 0.375
2445196 0.375
2445206 0.375
2445216 0.375
2445226 0.375
2445236 0.375
2445246 0.375
2445256 0.375
2445266 0.375
2445276 0.375
2445286 0.375
2445296 0.375
2445306 0.375
2445316 0.375
2445326 0.375
2445336 0.375
2445346 0.375
2445356 0.375
2445366 0.375
2445376 0.375
2445386 0.375
2445396 0.375
2445406 0.375
2445416 0.375
2445426 0.375
2445436 0.375
2445446 0.375
2445456 0.375
2445466 0.375
2445476 0.375
2445486 0.375
2445496 0.375
2445506 0.375
2445516 0.375
2445526 0.375
2445536 0.375
2445546 0.375
2445556 0.375
2445566 0.375
2445576 0.375
2445586 0.375
2445596 0.375
2445606 0.375
2445616 0.375
2445626 0.375
2445636 0.375
2445646 0.375
2445656 0.375
2445666 0.375
2445676 0.375
2445686 0.375
2445696 0.375
2445706 0.375
2445716 0.375
2445726 0.375
2445736 0.375
2445746 0.375
2445756 0.375
2445766 0.375
2445776 0.375
2445786 0.375
2445796 0.375
2445806 0.375
2445816 0.375
2445826 0.375
2445836 0.375
2445846 0.375
2445856 0.375
2445866 0.375
2445876 0.375
2445886 0.375
2445896 0.375
2445906 0.375
2445916 0.375
2445926 0.375
2445936 0.375
2445946 0.375
2445956 0.375
2445966 0.375
2445976 0.375
2445986 0.375
2445996 0.375
2446006 0.375
2446016 0.375
2446026 0.375
2446036 0.375
2446046 0.375
2446056 0.375
2446066 0.375
2446076 0.375
2446086 0.375
2446096 0.375
2446106 0.375
2446116 0.375
2446126 0.375
2446136 0.375
2446146 0.375
2446156 0.375
2446166 0.375
2446176 0.375
2446186 0.375
2446196 0.375
2446206 0.375
2446216 0.375
2446226 0.375
2446236 0.375
2446246 0.375
2446256 0.375
2446266 0.375
2446276 0.375
2446286 0.375
2446296 0.375
2446306 0.375
2446316 0.375
2446326 0.375
2446336 0.375
2446346 0.375
2446356 0.375
2446366 0.375
2446376 0.375
2446386 0.375
2446396 0.375
2446406 0.375
2446416 0.375
2446426 0.375
2446436 0.375
2446446 0.375
2446456 0.375
2446466 0.375
2446476 0.375
2446486 0.375
2446496 0.375
2446506 0.375
2446516 0.375
2446526 0.375
2446536 0.375
2446546 0.375
2446556 0.375
2446566 0.375
2446576 0.375
2446586 0.375
2446596 0.375
2446606 0.375
2446616 0.375
2446626 0.375
2446636 0.375
2446646 0.375
2446656 0.375
2446666 0.375
2446676 0.375
2446686 0.375
2446696 0.375
2446706 0.375
2446716 0.375
2446726 0.375
2446736 0.375
2446746 0.375
2446756 0.375
2446766 0.375
2446776 0.375
2446786 0.375
2446796 0.375
2446806 0.375
2446816 0.375
2446826 0.375
2446836 0.375
2446846 0.375
2446856 0.375
2446866 0.375
2446876 0.375
2446886 0.375
2446896 0.375
2446906 0.375
2446916 0.375
2446926 0.375
2446936 0.375
2446946 0.375
2446956 0.375
2446966 0.375
2446976 0.375
2446986 0.375
2446996 0.375
2447006 0.375
2447016 0.375
2447026 0.375
2447036 0.375
2447046 0.375
2447056 0.375
2447066 0.375
2447076 0.375
2447086 0.375
2447096 0.375
2447106 0.375
2447116 0.375
2447126 0.375
2447136 0.375
2447146 0.375
2447156 0.375
2447166 0.375
2447176 0.375
2447186 0.375
2447196 0.375
2447206 0.375
2447216 0.375
2447226 0.375
2447236 0.375
2447246 0.375
2447256 0.375
2447266 0.375
2447276 0.375
2447286 0.375
2447296 0.375
2447306 0.375
2447316 0.375
2447326 0.375
2447336 0.375
2447346 0.375
2447356 0.375
2447366 0.375
2447376 0.375
2447386 0.375
2447396 0.375
2447406 0.375
2447416 0.375
2447426 0.375
2447436 0.375
2447446 0.375
2447456 0.375
2447466 0.375
2447476 0.375
2447486 0.375
2447496 0.375
2447506 0.375
2447516 0.375
2447526 0.375
2447536 0.375
2447546 0.375
2447556 0.375
2447566 0.375
2447576 0.375
2447586 0.375
2447596 0.375
2447606 0.375
2447616 0.375
2447626 0.375
2447636 0.375
2447646 0.375
2447656 0.375
2447666 0.375
2447676 0.375
2447686 0.375
2447696 0.375
2447706 0.375
2447716 0.375
2447726 0.375
2447736 0.375
2447746 0.375
2447756 0.375
2447766 0.375
2447776 0.375
2447786 0.375
2447796 0.375
2447806 0.375
2447816 0.375
2447826 0.375
2447836 0.375
2447846 0.375
2447856 0.375
2447866 0.375
2447876 0.375
2447886 0.375
2447896 0.375
2447906 0.375
2447916 0.375
2447926 0.375
2447936 0.375
2447946 0.375
2447956 0.375
2447966 0.375
2447976 0.375
2447986 0.375
2447996 0.375
2448006 0.375
2448016 0.375
2448026 0.375
2448036 0.375
2448046 0.375
2448056 0.375
2448066 0.375
2448076 0.375
2448086 0.375
2448096 0.375
2448106 0.375
2448116 0.375
2448126 0.375
2448136 0.375
2448146 0.375
2448156 0.375
2448166 0.375
2448176 0.375
2448186 0.375
2448196 0.375
2448206 0.375
2448216 0.375
2448226 0.375
2448236 0.375
2448246 0.375
2448256 0.375
2448266 0.375
2448276 0.375
2448286 0.375
2448296 0.375
2448306 0.375
2448316 0.375
2448326 0.375
2448336 0.375
2448346 0.375
2448356 0.375
2448366 0.375
2448376 0.375
2448386 0.375
2448396 0.375
2448406 0.375
2448416 0.375
2448426 0.375
2448436 0.375
2448446 0.375
2448456 0.375
2448466 0.375
2448476 0.375
2448486 0.375
2448496 0.375
2448506 0.375
2448516 0.375
2448526 0.375
2448536 0.375
2448546 0.375
2448556 0.375
2448566 0.375
2448576 0.375
2448586 0.375
2448596 0.375
2448606 0.375
2448616 0.375
2448626 0.375
2448636 0.375
2448646 0.375
2448656 0.375
2448666 0.375
2448676 0.375
2448686 0.375
2448696 0.375
2448706 0.375
2448716 0.375
2448726 0.375
2448736 0.375
2448746 0.375
2448756 0.375
2448766 0.375
2448776 0.375
2448786 0.375
2448796 0.375
2448806 0.375
2448816 0.375
2448826 0.375
2448836 0.375
2448846 0.375
2448856 0.375
2448866 0.375
2448876 0.375
2448886 0.375
2448896 0.375
2448906 0.375
2448916 0.375
2448926 0.375
2448936 0.375
2448946 0.375
2448956 0.375
2448966 0.375
2448976 0.375
2448986 0.375
2448996 0.375
2449006 0.375
2449016 0.375
2449026 0.375
2449036 0.375
2449046 0.375
2449056 0.375
2449066 0.375
2449076 0.375
2449086 0.375
2449096 0.375
2449106 0.375
2449116 0.375
2449126 0.375
2449136 0.375
2449146 0.375
2449156 0.375
2449166 0.375
2449176 0.375
2449186 0.375
2449196 0.375
2449206 0.375
2449216 0.375
2449226 0.375
2449236 0.375
2449246 0.375
2449256 0.375
2449266 0.375
2449276 0.375
2449286 0.375
2449296 0.375
2449306 0.375
2449316 0.375
2449326 0.375
2449336 0.375
2449346 0.375
2449356 0.375
2449366 0.375
2449376 0.375
2449386 0.375
2449396 0.375
2449406 0.375
2449416 0.375
2449426 0.375
2449436 0.375
2449446 0.375
2449456 0.375
2449466 0.375
2449476 0.375
2449486 0.375
2449496 0.375
2449506 0.375
2449516 0.375
2449526 0.375
2449536 0.375
2449546 0.375
2449556 0.375
2449566 0.375
2449576 0.375
2449586 0.375
2449596 0.375
2449606 0.375
2449616 0.375
2449626 0.375
2449636 0.375
2449646 0.375
2449656 0.375
2449666 0.375
2449676 0.375
2449686 0.375
2449696 0.375
2449706 0.375
2449716 0.375
2449726 0.375
2449736 0.375
2449746 0.375
2449756 0.375
2449766 0.375
2449776 0.375
2449786 0.375
2449796 0.375
2449806 0.375
2449816 0.375
2449826 0.375
2449836 0.375
2449846 0.375
2449856 0.375
2449866 0.375
2449876 0.375
2449886 0.375
2449896 0.375
2449906 0.375
2449916 0.375
2449926 0.375
2449936 0.375
2449946 0.375
2449956 0.375
2449966 0.375
2449976 0.375
2449986 0.375
2449996 0.375
2450006 0.375
2450016 0.375
2450026 0.375
2450036 0.375
2450046 0.375
2450056 0.375
2450066 0.375
2450076 0.375
2450086 0.375
2450096 0.375
2450106 0.375
2450116 0.375
2450126 0.375
2450136 0.375
2450146 0.375
2450156 0.375
2450166 0.375
2450176 0.375
2450186 0.375
2450196 0.375
2450206 0.375
2450216 0.375
2450226 0.375
2450236 0.375
2450246 0.375
2450256 0.375
2450266 0.375
2450276 0.375
2450286 0.375
2450296 0.375
2450306 0.375
2450316 0.375
2450326 0.375
2450336 0.375
2450346 0.375
2450356 0.375
2450366 0.375
2450376 0.375
2450386 0.375
2450396 0.375
2450406 0.375
2450416 0.375
2450426 0.375
2450436 0.375
2450446 0.375
2450456 0.375
2450466 0.375
2450476 0.375
2450486 0.375
2450496 0.375
2450506 0.375
2450516 0.375
2450526 0.375
2450536 0.375
2450546 0.375
2450556 0.375
2450566 0.375
2450576 0.375
2450586 0.375
2450596 0.375
2450606 0.375
2450616 0.375
2450626 0.375
2450636 0.375
2450646 0.375
2450656 0.375
2450666 0.375
2450676 0.375
2450686 0.375
2450696 0.375
2450706 0.375
2450716 0.375
2450726 0.375
2450736 0.375
2450746 0.375
2450756 0.375
2450766 0.375
2450776 0.375
2450786 0.375
2450796 0.375
2450806 0.375
2450816 0.375
2450826 0.375
2450836 0.375
2450846 0.375
2450856 0.375
2450866 0.375
2450876 0.375
2450886 0.375
2450896 0.375
2450906 0.375
2450916 0.375
2450926 0.375
2450936 0.375
2450946 0.375
2450956 0.375
2450966 0.375
2450976 0.375
2450986 0.375
2450996 0.375
2451006 0.375
2451016 0.375
2451026 0.375
2451036 0.375
2451046 0.375
2451056 0.375
2451066 0.375
2451076 0.375
2451086 0.375
2451096 0.375
2451106 0.375
2451116 0.375
2451126 0.375
2451136 0.375
2451146 0.375
2451156 0.375
2451166 0.375
2451176 0.375
2451186 0.375
2451196 0.375
2451206 0.375
2451216 0.375
2451226 0.375
2451236 0.375
2451246 0.375
2451256 0.375
2451266 0.375
2451276 0.375
2451286 0.375
2451296 0.375
2451306 0.375
2451316 0.375
2451326 0.375
2451336 0.375
2451346 0.375
2451356 0.375
2451366 0.375
2451376 0.375
2451386 0.375
2451396 0.375
2451406 0.375
2451416 0.375
2451426 0.375
2451436 0.375
2451446 0.375
2451456 0.375
2451466 0.375
2451476 0.375
2451486 0.375
2451496 0.375
2451506 0.375
2451516 0.375
2451526 0.375
2451536 0.375
2451546 0.375
2451556 0.375
2451566 0.375
2451576 0.375
2451586 0.375
2451596 0.375
2451606 0.375
2451616 0.375
2451626 0.375
2451636 0.375
2451646 0.375
2451656 0.375
2451666 0.375
2451676 0.375
2451686 0.375
2451696 0.375
2451706 0.375
2451716 0.375
2451726 0.375
2451736 0.375
2451746 0.375
2451756 0.375
2451766 0.375
2451776 0.375
2451786 0.375
2451796 0.375
2451806 0.375
2451816 0.375
2451826 0.375
2451836 0.375
2451846 0.375
2451856 0.375
2451866 0.375
2451876 0.375
2451886 0.375
2451896 0.375
2451906 0.375
2451916 0.375
2451926 0.375
2451936 0.375
2451946 0.375
2451956 0.375
2451966 0.375
2451976 0.375
2451986 0.375
2451996 0.375
2452006 0.375
2452016 0.375
2452026 0.375
2452036 0.375
2452046 0.375
2452056 0.375
2452066 0.375
2452076 0.375
2452086 0.375
2452096 0.375
2452106 0.375
2452116 0.375
2452126 0.375
2452136 0.375
2452146 0.375
2452156 0.375
2452166 0.375
2452176 0.375
2452186 0.375
2452196 0.375
2452206 0.375
2452216 0.375
2452226 0.375
2452236 0.375
2452246 0.375
2452256 0.375
2452266 0.375
2452276 0.375
2452286 0.375
2452296 0.375
2452306 0.375
2452316 0.375
2452326 0.375
2452336 0.375
2452346 0.375
2452356 0.375
2452366 0.375
2452376 0.375
2452386 0.375
2452396 0.375
2452406 0.375
2452416 0.375
2452426 0.375
2452436 0.375
2452446 0.375
2452456 0.375
2452466 0.375
2452476 0.375
2452486 0.375
2452496 0.375
2452506 0.375
2452516 0.375
2452526 0.375
2452536 0.375
2452546 0.375
2452556 0.375
2452566 0.375
2452576 0.375
2452586 0.375
2452596 0.375
2452606 0.375
2452616 0.375
2452626 0.375
2452636 0.375
2452646 0.375
2452656 0.375
2452666 0.375
2452676 0.375
2452686 0.375
2452696 0.375
2452706 0.375
2452716 0.375
2452726 0.375
2452736 0.375
2452746 0.375
2452756 0.375
2452766 0.375
2452776 0.375
2452786 0.375
2452796 0.375
2452806 0.375
2452816 0.375
2452826 0.375
2452836 0.375
2452846 0.375
2452856 0.375
2452866 0.375
2452876 0.375
2452886 0.375
2452896 0.375
2452906 0.375
2452916 0.375
2452926 0.375
2452936 0.375
2452946 0.375
2452956 0.375
2452966 0.375
2452976 0.375
2452986 0.375
2452996 0.375
2453006 0.375
2453016 0.375
2453026 0.375
2453036 0.375
2453046 0.375
2453056 0.375
2453066 0.375
2453076 0.375
2453086 0.375
2453096 0.375
2453106 0.375
2453116 0.375
2453126 0.375
2453136 0.375
2453146 0.375
2453156 0.375
2453166 0.375
2453176 0.375
2453186 0.375
2453196 0.375
2453206 0.375
2453216 0.375
2453226 0.375
2453236 0.375
2453246 0.375
2453256 0.375
2453266 0.375
2453276 0.375
2453286 0.375
2453296 0.375
2453306 0.375
2453316 0.375
2453326 0.375
2453336 0.375
2453346 0.375
2453356 0.375
2453366 0.375
2453376 0.375
2453386 0.375
2453396 0.375
2453406 0.375
2453416 0.375
2453426 0.375
2453436 0.375
2453446 0.375
2453456 0.375
2453466 0.375
2453476 0.375
2453486 0.375
2453496 0.375
2453506 0.375
2453516 0.375
2453526 0.375
2453536 0.375
2453546 0.375
2453556 0.375
2453566 0.375
2453576 0.375
2453586 0.375
2453596 0.375
2453606 0.375
2453616 0.375
2453626 0.375
2453636 0.375
2453646 0.375
2453656 0.375
2453666 0.375
2453676 0.375
2453686 0.375
2453696 0.375
2453706 0.375
2453716 0.375
2453726 0.375
2453736 0.375
2453746 0.375
2453756 0.375
2453766 0.375
2453776 0.375
2453786 0.375
2453796 0.375
2453806 0.375
2453816 0.375
2453826 0.375
2453836 0.375
2453846 0.375
2453856 0.375
2453866 0.375
2453876 0.375
2453886 0.375
2453896 0.375
2453906 0.375
2453916 0.375
2453926 0.375
2453936 0.375
2453946 0.375
2453956 0.375
2453966 0.375
2453976 0.375
2453986 0.375
2453996 0.375
2454006 0.375
2454016 0.375
2454026 0.375
2454036 0.375
2454046 0.375
2454056 0.375
2454066 0.375
2454076 0.375
2454086 0.375
2454096 0.375
2454106 0.375
2454116 0.375
2454126 0.375
2454136 0.375
2454146 0.375
2454156 0.375
2454166 0.375
2454176 0.375
2454186 0.375
2454196 0.375
2454206 0.375
2454216 0.375
2454226 0.375
2454236 0.375
2454246 0.375
2454256 0.375
2454266 0.375
2454276 0.375
2454286 0.375
2454296 0.375
2454306 0.375
2454316 0.375
2454326 0.375
2454336 0.375
2454346 0.375
2454356 0.375
2454366 0.375
2454376 0.375
2454386 0.375
2454396 0.375
2454406 0.375
2454416 0.375
2454426 0.375
2454436 0.375
2454446 0.375
2454456 0.375
2454466 0.375
2454476 0.375
2454486 0.375
2454496 0.375
2454506 0.375
2454516 0.375
2454526 0.375
2454536 0.375
2454546 0.375
2454556 0.375
2454566 0.375
2454576 0.375
2454586 0.375
2454596 0.375
2454606 0.375
2454616 0.375
2454626 0.375
2454636 0.375
2454646 0.375
2454656 0.375
2454666 0.375
2454676 0.375
2454686 0.375
2454696 0.375
2454706 0.375
2454716 0.375
2454726 0.375
2454736 0.375
2454746 0.375
2454756 0.375
2454766 0.375
2454776 0.375
2454786 0.375
2454796 0.375
2454806 0.375
2454816 0.375
2454826 0.375
2454836 0.375
2454846 0.375
2454856 0.375
2454866 0.375
2454876 0.375
2454886 0.375
2454896 0.375
2454906 0.375
2454916 0.375
2454926 0.375
2454936 0.375
2454946 0.375
2454956 0.375
2454966 0.375
2454976 0.375
2454986 0.375
2454996 0.375
2455006 0.375
2455016 0.375
2455026 0.375
2455036 0.375
2455046 0.375
2455056 0.375
2455066 0.375
2455076 0.375
2455086 0.375
2455096 0.375
2455106 0.375
2455116 0.375
2455126 0.375
2455136 0.375
2455146 0.375
2455156 0.375
2455166 0.375
2455176 0.375
2455186 0.375
2455196 0.375
2455206 0.375
2455216 0.375
2455226 0.375
2455236 0.375
2455246 0.375
2455256 0.375
2455266 0.375
2455276 0.375
2455286 0.375
2455296 0.375
2455306 0.375
2455316 0.375
2455326 0.375
2455336 0.375
2455346 0.375
2455356 0.375
2455366 0.375
2455376 0.375
2455386 0.375
2455396 0.375
2455406 0.375
2455416 0.375
2455426 0.375
2455436 0.375
2455446 0.375
2455456 0.375
2455466 0.375
2455476 0.375
2455486 0.375
2455496 0.375
2455506 0.375
2455516 0.375
2455526 0.375
2455536 0.375
2455546 0.375
2455556 0.375
2455566 0.375
2455576 0.375
2455586 0.375
2455596 0.375
2455606 0.375
2455616 0.375
2455626 0.375
2455636 0.375
2455646 0.375
2455656 0.375
2455666 0.375
2455676 0.375
2455686 0.375
2455696 0.375
2455706 0.375
2455716 0.375
2455726 0.375
2455736 0.375
2455746 0.375
2455756 0.375
2455766 0.375
2455776 0.375
2455786 0.375
2455796 0.375
2455806 0.375
2455816 0.375
2455826 0.375
2455836 0.375
2455846 0.375
2455856 0.375
2455866 0.375
2455876 0.375
2455886 0.375
2455896 0.375
2455906 0.375
2455916 0.375
2455926 0.375
2455936 0.375
2455946 0.375
2455956 0.375
2455966 0.375
2455976 0.375
2455986 0.375
2455996 0.375
2456006 0.375
2456016 0.375
2456026 0.375
2456036 0.375
2456046 0.375
2456056 0.375
2456066 0.375
2456076 0.375
2456086 0.375
2456096 0.375
2456106 0.375
2456116 0.375
2456126 0.375
2456136 0.375
2456146 0.375
2456156 0.375
2456166 0.375
2456176 0.375
2456186 0.375
2456196 0.375
2456206 0.375
2456216 0.375
2456226 0.375
2456236 0.375
2456246 0.375
2456256 0.375
2456266 0.375
2456276 0.375
2456286 0.375
2456296 0.375
2456306 0.375
2456316 0.375
2456326 0.375
2456336 0.375
2456346 0.375
2456356 0.375
2456366 0.375
2456376 0.375
2456386 0.375
2456396 0.375
2456406 0.375
2456416 0.375
2456426 0.375
2456436 0.375
2456446 0.375
2456456 0.375
2456466 0.375
2456476 0.375
2456486 0.375
2456496 0.375
2456506 0.375
2456516 0.375
2456526 0.375
2456536 0.375
2456546 0.375
2456556 0.375
2456566 0.375
2456576 0.375
2456586 0.375
2456596 0.375
2456606 0.375
2456616 0.375
2456626 0.375
2456636 0.375
2456646 0.375
2456656 0.375
2456666 0.375
2456676 0.375
2456686 0.375
2456696 0.375
2456706 0.375
2456716 0.375
2456726 0.375
2456736 0.375
2456746 0.375
2456756 0.375
2456766 0.375
2456776 0.375
2456786 0.375
2456796 0.375
2456806 0.375
2456816 0.375
2456826 0.375
2456836 0.375
2456846 0.375
2456856 0.375
2456866 0.375
2456876 0.375
2456886 0.375
2456896 0.375
2456906 0.375
2456916 0.375
2456926 0.375
2456936 0.375
2456946 0.375
2456956 0.375
2456966 0.375
2456976 0.375
2456986 0.375
2456996 0.375
2457006 0.375
2457016 0.375
2457026 0.375
2457036 0.375
2457046 0.375
2457056 0.375
2457066 0.375
2457076 0.375
2457086 0.375
2457096 0.375
2457106 0.375
2457116 0.375
2457126 0.375
2457136 0.375
2457146 0.375
2457156 0.375
2457166 0.375
2457176 0.375
2457186 0.375
2457196 0.375
2457206 0.375
2457216 0.375
2457226 0.375
2457236 0.375
2457246 0.375
2457256 0.375
2457266 0.375
2457276 0.375
2457286 0.375
2457296 0.375
2457306 0.375
2457316 0.375
2457326 0.375
2457336 0.375
2457346 0.375
2457356 0.375
2457366 0.375
2457376 0.375
2457386 0.375
2457396 0.375
2457406 0.375
2457416 0.375
2457426 0.375
2457436 0.375
2457446 0.375
2457456 0.375
2457466 0.375
2457476 0.375
2457486 0.375
2457496 0.375
2457506 0.375
2457516 0.375
2457526 0.375
2457536 0.375
2457546 0.375
2457556 0.375
2457566 0.375
2457576 0.375
2457586 0.375
2457596 0.375
2457606 0.375
2457616 0.375
2457626 0.375
2457636 0.375
2457646 0.375
2457656 0.375
2457666 0.375
2457676 0.375
2457686 0.375
2457696 0.375
2457706 0.375
2457716 0.375
2457726 0.375
2457736 0.375
2457746 0.375
2457756 0.375
2457766 0.375
2457776 0.375
2457786 0.375
2457796 0.375
2457806 0.375
2457816 0.375
2457826 0.375
2457836 0.375
2457846 0.375
2457856 0.375
2457866 0.375
2457876 0.375
2457886 0.375
2457896 0.375
2457906 0.375
2457916 0.375
2457926 0.375
2457936 0.375
2457946 0.375
2457956 0.375
2457966 0.375
2457976 0.375
2457986 0.375
2457996 0.375
2458006 0.375
2458016 0.375
2458026 0.375
2458036 0.375
2458046 0.375
2458056 0.375
2458066 0.375
2458076 0.375
2458086 0.375
2458096 0.375
2458106 0.375
2458116 0.375
2458126 0.375
2458136 0.375
2458146 0.375
2458156 0.375
2458166 0.375
2458176 0.375
2458186 0.375
2458196 0.375
2458206 0.375
2458216 0.375
2458226 0.375
2458236 0.375
2458246 0.375
2458256 0.375
2458266 0.375
2458276 0.375
2458286 0.375
2458296 0.375
2458306 0.375
2458316 0.375
2458326 0.375
2458336 0.375
2458346 0.375
2458356 0.375
2458366 0.375
2458376 0.375
2458386 0.375
2458396 0.375
2458406 0.375
2458416 0.375
2458426 0.375
2458436 0.375
2458446 0.375
2458456 0.375
2458466 0.375
2458476 0.375
2458486 0.375
2458496 0.375
2458506 0.375
2458516 0.375
2458526 0.375
2458536 0.375
2458546 0.375
2458556 0.375
2458566 0.375
2458576 0.375
2458586 0.375
2458596 0.375
2458606 0.375
2458616 0.375
2458626 0.375
2458636 0.375
2458646 0.375
2458656 0.375
2458666 0.375
2458676 0.375
2458686 0.375
2458696 0.375
2458706 0.375
2458716 0.375
2458726 0.375
2458736 0.375
2458746 0.375
2458756 0.375
2458766 0.375
2458776 0.375
2458786 0.375
2458796 0.375
2458806 0.375
2458816 0.375
2458826 0.375
2458836 0.375
2458846 0.375
2458856 0.375
2458866 0.375
2458876 0.375
2458886 0.375
2458896 0.375
2458906 0.375
2458916 0.375
2458926 0.375
2458936 0.375
2458946 0.375
2458956 0.375
2458966 0.375
2458976 0.375
2458986 0.375
2458996 0.375
2459006 0.375
2459016 0.375
2459026 0.375
2459036 0.375
2459046 0.375
2459056 0.375
2459066 0.375
2459076 0.375
2459086 0.375
2459096 0.375
2459106 0.375
2459116 0.375
2459126 0.375
2459136 0.375
2459146 0.375
2459156 0.375
2459166 0.375
2459176 0.375
2459186 0.375
2459196 0.375
2459206 0.375
2459216 0.375
2459226 0.375
2459236 0.375
2459246 0.375
2459256 0.375
2459266 0.375
2459276 0.375
2459286 0.375
2459296 0.375
2459306 0.375
2459316 0.375
2459326 0.375
2459336 0.375
2459346 0.375
2459356 0.375
2459366 0.375
2459376 0.375
2459386 0.375
2459396 0.375
2459406 0.375
2459416 0.375
2459426 0.375
2459436 0.375
2459446 0.375
2459456 0.375
2459466 0.375
2459476 0.375
2459486 0.375
2459496 0.375
2459506 0.375
2459516 0.375
2459526 0.375
2459536 0.375
2459546 0.375
2459556 0.375
2459566 0.375
2459576 0.375
2459586 0.375
2459596 0.375
2459606 0.375
2459616 0.375
2459626 0.375
2459636 0.375
2459646 0.375
2459656 0.375
2459666 0.375
2459676 0.375
2459686 0.375
2459696 0.375
2459706 0.375
2459716 0.375
2459726 0.375
2459736 0.375
2459746 0.375
2459756 0.375
2459766 0.375
2459776 0.375
2459786 0.375
2459796 0.375
2459806 0.375
2459816 0.375
2459826 0.375
2459836 0.375
2459846 0.375
2459856 0.375
2459866 0.375
2459876 0.375
2459886 0.375
2459896 0.375
2459906 0.375
2459916 0.375
2459926 0.375
2459936 0.375
2459946 0.375
2459956 0.375
2459966 0.375
2459976 0.375
2459986 0.375
2459996 0.375
2460006 0.375
2460016 0.375
2460026 0.375
2460036 0.375
2460046 0.375
2460056 0.375
2460066 0.375
2460076 0.375
2460086 0.375
2460096 0.375
2460106 0.375
2460116 0.375
2460126 0.375
2460136 0.375
2460146 0.375
2460156 0.375
2460166 0.375
2460176 0.375
2460186 0.375
2460196 0.375
2460206 0.375
2460216 0.375
2460226 0.375
2460236 0.375
2460246 0.375
2460256 0.375
2460266 0.375
2460276 0.375
2460286 0.375
2460296 0.375
2460306 0.375
2460316 0.375
2460326 0.375
2460336 0.375
2460346 0.375
2460356 0.375
2460366 0.375
2460376 0.375
2460386 0.375
2460396 0.375
2460406 0.375
2460416 0.375
2460426 0.375
2460436 0.375
2460446 0.375
2460456 0.375
2460466 0.375
2460476 0.375
2460486 0.375
2460496 0.375
2460506 0.375
2460516 0.375
2460526 0.375
2460536 0.375
2460546 0.375
2460556 0.375
2460566 0.375
2460576 0.375
2460586 0.375
2460596 0.375
2460606 0.375
2460616 0.375
2460626 0.375
2460636 0.375
2460646 0.375
2460656 0.375
2460666 0.375
2460676 0.375
2460686 0.375
2460696 0.375
2460706 0.375
2460716 0.375
2460726 0.375
2460736 0.375
2460746 0.375
2460756 0.375
2460766 0.375
2460776 0.375
2460786 0.375
2460796 0.375
2460806 0.375
2460816 0.375
2460826 0.375
2460836 0.375
2460846 0.375
2460856 0.375
2460866 0.375
2460876 0.375
2460886 0.375
2460896 0.375
2460906 0.375
2460916 0.375
2460926 0.375
2460936 0.375
2460946 0.375
2460956 0.375
2460966 0.375
2460976 0.375
2460986 0.375
2460996 0.375
2461006 0.375
2461016 0.375
2461026 0.375
2461036 0.375
2461046 0.375
2461056 0.375
2461066 0.375
2461076 0.375
2461086 0.375
2461096 0.375
2461106 0.375
2461116 0.375
2461126 0.375
2461136 0.375
2461146 0.375
2461156 0.375
2461166 0.375
2461176 0.375
2461186 0.375
2461196 0.375
2461206 0.375
2461216 0.375
2461226 0.375
2461236 0.375
2461246 0.375
2461256 0.375
2461266 0.375
2461276 0.375
2461286 0.375
2461296 0.375
2461306 0.375
2461316 0.375
2461326 0.375
2461336 0.375
2461346 0.375
2461356 0.375
2461366 0.375
2461376 0.375
2461386 0.375
2461396 0.375
2461406 0.375
2461416 0.375
2461426 0.375
2461436 0.375
2461446 0.375
2461456 0.375
2461466 0.375
2461476 0.375
2461486 0.375
2461496 0.375
2461506 0.375
2461516 0.375
2461526 0.375
2461536 0.375
2461546 0.375
2461556 0.375
2461566 0.375
2461576 0.375
2461586 0.375
2461596 0.375
2461606 0.375
2461616 0.375
2461626 0.375
2461636 0.375
2461646 0.375
2461656 0.375
2461666 0.375
2461676 0.375
2461686 0.375
2461696 0.375
2461706 0.375
2461716 0.375
2461726 0.375
2461736 0.375
2461746 0.375
2461756 0.375
2461766 0.375
2461776 0.375
2461786 0.375
2461796 0.375
2461806 0.375
2461816 0.375
2461826 0.375
2461836 0.375
2461846 0.375
2461856 0.375
2461866 0.375
2461876 0.375
2461886 0.375
2461896 0.375
2461906 0.375
2461916 0.375
2461926 0.375
2461936 0.375
2461946 0.375
2461956 0.375
2461966 0.375
2461976 0.375
2461986 0.375
2461996 0.375
2462006 0.375
2462016 0.375
2462026 0.375
2462036 0.375
2462046 0.375
2462056 0.375
2462066 0.375
2462076 0.375
2462086 0.375
2462096 0.375
2462106 0.375
2462116 0.375
2462126 0.375
2462136 0.375
2462146 0.375
2462156 0.375
2462166 0.375
2462176 0.375
2462186 0.375
2462196 0.375
2462206 0.375
2462216 0.375
2462226 0.375
2462236 0.375
2462246 0.375
2462256 0.375
2462266 0.375
2462276 0.375
2462286 0.375
2462296 0.375
2462306 0.375
2462316 0.375
2462326 0.375
2462336 0.375
2462346 0.375
2462356 0.375
2462366 0.375
2462376 0.375
2462386 0.375
2462396 0.375
2462406 0.375
2462416 0.375
2462426 0.375
2462436 0.375
2462446 0.375
2462456 0.375
2462466 0.375
2462476 0.375
2462486 0.375
2462496 0.375
2462506 0.375
2462516 0.375
2462526 0.375
2462536 0.375
2462546 0.375
2462556 0.375
2462566 0.375
2462576 0.375
2462586 0.375
2462596 0.375
2462606 0.375
2462616 0.375
2462626 0.375
2462636 0.375
2462646 0.375
2462656 0.375
2462666 0.375
2462676 0.375
2462686 0.375
2462696 0.375
2462706 0.375
2462716 0.375
2462726 0.375
2462736 0.375
2462746 0.375
2462756 0.375
2462766 0.375
2462776 0.375
2462786 0.375
2462796 0.375
2462806 0.375
2462816 0.375
2462826 0.375
2462836 0.375
2462846 0.375
2462856 0.375
2462866 0.375
2462876 0.375
2462886 0.375
2462896 0.375
2462906 0.375
2462916 0.375
2462926 0.375
2462936 0.375
2462946 0.375
2462956 0.375
2462966 0.375
2462976 0.375
2462986 0.375
2462996 0.375
2463006 0.375
2463016 0.375
2463026 0.375
2463036 0.375
2463046 0.375
2463056 0.375
2463066 0.375
2463076 0.375
2463086 0.375
2463096 0.375
2463106 0.375
2463116 0.375
2463126 0.375
2463136 0.375
2463146 0.375
2463156 0.375
2463166 0.375
2463176 0.375
2463186 0.375
2463196 0.375
2463206 0.375
2463216 0.375
2463226 0.375
2463236 0.375
2463246 0.375
2463256 0.375
2463266 0.375
2463276 0.375
2463286 0.375
2463296 0.375
2463306 0.375
2463316 0.375
2463326 0.375
2463336 0.375
2463346 0.375
2463356 0.375
2463366 0.375
2463376 0.375
2463386 0.375
2463396 0.375
2463406 0.375
2463416 0.375
2463426 0.375
2463436 0.375
2463446 0.375
2463456 0.375
2463466 0.375
2463476 0.375
2463486 0.375
2463496 0.375
2463506 0.375
2463516 0.375
2463526 0.375
2463536 0.375
2463546 0.375
2463556 0.375
2463566 0.375
2463576 0.375
2463586 0.375
2463596 0.375
2463606 0.375
2463616 0.375
2463626 0.375
2463636 0.375
2463646 0.375
2463656 0.375
2463666 0.375
2463676 0.375
2463686 0.375
2463696 0.375
2463706 0.375
2463716 0.375
2463726 0.375
2463736 0.375
2463746 0.375
2463756 0.375
2463766 0.375
2463776 0.375
2463786 0.375
2463796 0.375
2463806 0.375
2463816 0.375
2463826 0.375
2463836 0.375
2463846 0.375
2463856 0.375
2463866 0.375
2463876 0.375
2463886 0.375
2463896 0.375
2463906 0.375
2463916 0.375
2463926 0.375
2463936 0.375
2463946 0.375
2463956 0.375
2463966 0.375
2463976 0.375
2463986 0.375
2463996 0.375
2464006 0.375
2464016 0.375
2464026 0.375
2464036 0.375
2464046 0.375
2464056 0.375
2464066 0.375
2464076 0.375
2464086 0.375
2464096 0.375
2464106 0.375
2464116 0.375
2464126 0.375
2464136 0.375
2464146 0.375
2464156 0.375
2464166 0.375
2464176 0.375
2464186 0.375
2464196 0.375
2464206 0.375
2464216 0.375
2464226 0.375
2464236 0.375
2464246 0.375
2464256 0.375
2464266 0.375
2464276 0.375
2464286 0.375
2464296 0.375
2464306 0.375
2464316 0.375
2464326 0.375
2464336 0.375
2464346 0.375
2464356 0.375
2464366 0.375
2464376 0.375
2464386 0.375
2464396 0.375
2464406 0.375
2464416 0.375
2464426 0.375
2464436 0.375
2464446 0.375
2464456 0.375
2464466 0.375
2464476 0.375
2464486 0.375
2464496 0.375
2464506 0.375
2464516 0.375
2464526 0.375
2464536 0.375
2464546 0.375
2464556 0.375
2464566 0.375
2464576 0.375
2464586 0.375
2464596 0.375
2464606 0.375
2464616 0.375
2464626 0.375
2464636 0.375
2464646 0.375
2464656 0.375
2464666 0.375
2464676 0.375
2464686 0.375
2464696 0.375
2464706 0.375
2464716 0.375
2464726 0.375
2464736 0.375
2464746 0.375
2464756 0.375
2464766 0.375
2464776 0.375
2464786 0.375
2464796 0.375
2464806 0.375
2464816 0.375
2464826 0.375
2464836 0.375
2464846 0.375
2464856 0.375
2464866 0.375
2464876 0.375
2464886 0.375
2464896 0.375
2464906 0.375
2464916 0.375
2464926 0.375
2464936 0.375
2464946 0.375
2464956 0.375
2464966 0.375
2464976 0.375
2464986 0.375
2464996 0.375
2465006 0.375
2465016 0.375
2465026 0.375
2465036 0.375
2465046 0.375
2465056 0.375
2465066 0.375
2465076 0.375
2465086 0.375
2465096 0.375
2465106 0.375
2465116 0.375
2465126 0.375
2465136 0.375
2465146 0.375
2465156 0.375
2465166 0.375
2465176 0.375
2465186 0.375
2465196 0.375
2465206 0.375
2465216 0.375
2465226 0.375
2465236 0.375
2465246 0.375
2465256 0.375
2465266 0.375
2465276 0.375
2465286 0.375
2465296 0.375
2465306 0.375
2465316 0.375
2465326 0.375
2465336 0.375
2465346 0.375
2465356 0.375
2465366 0.375
2465376 0.375
2465386 0.375
2465396 0.375
2465406 0.375
2465416 0.375
2465426 0.375
2465436 0.375
2465446 0.375
2465456 0.375
2465466 0.375
2465476 0.375
2465486 0.375
2465496 0.375
2465506 0.375
2465516 0.375
2465526 0.375
2465536 0.375
2465546 0.375
2465556 0.375
2465566 0.375
2465576 0.375
2465586 0.375
2465596 0.375
2465606 0.375
2465616 0.375
2465626 0.375
2465636 0.375
2465646 0.375
2465656 0.375
2465666 0.375
2465676 0.375
2465686 0.375
2465696 0.375
2465706 0.375
2465716 0.375
2465726 0.375
2465736 0.375
2465746 0.375
2465756 0.375
2465766 0.375
2465776 0.375
2465786 0.375
2465796 0.375
2465806 0.375
2465816 0.375
2465826 0.375
2465836 0.375
2465846 0.375
2465856 0.375
2465866 0.375
2465876 0.375
2465886 0.375
2465896 0.375
2465906 0.375
2465916 0.375
2465926 0.375
2465936 0.375
2465946 0.375
2465956 0.375
2465966 0.375
2465976 0.375
2465986 0.375
2465996 0.375
2466006 0.375
2466016 0.375
2466026 0.375
2466036 0.375
2466046 0.375
2466056 0.375
2466066 0.375
2466076 0.375
2466086 0.375
2466096 0.375
2466106 0.375
2466116 0.375
2466126 0.375
2466136 0.375
2466146 0.375
2466156 0.375
2466166 0.375
2466176 0.375
2466186 0.375
2466196 0.375
2466206 0.375
2466216 0.375
2466226 0.375
2466236 0.375
2466246 0.375
2466256 0.375
2466266 0.375
2466276 0.375
2466286 0.375
2466296 0.375
2466306 0.375
2466316 0.375
2466326 0.375
2466336 0.375
2466346 0.375
2466356 0.375
2466366 0.375
2466376 0.375
2466386 0.375
2466396 0.375
2466406 0.375
2466416 0.375
2466426 0.375
2466436 0.375
2466446 0.375
2466456 0.375
2466466 0.375
2466476 0.375
2466486 0.375
2466496 0.375
2466506 0.375
2466516 0.375
2466526 0.375
2466536 0.375
2466546 0.375
2466556 0.375
2466566 0.375
2466576 0.375
2466586 0.375
2466596 0.375
2466606 0.375
2466616 0.375
2466626 0.375
2466636 0.375
2466646 0.375
2466656 0.375
2466666 0.375
2466676 0.375
2466686 0.375
2466696 0.375
2466706 0.375
2466716 0.375
2466726 0.375
2466736 0.375
2466746 0.375
2466756 0.375
2466766 0.375
2466776 0.375
2466786 0.375
2466796 0.375
2466806 0.375
2466816 0.375
2466826 0.375
2466836 0.375
2466846 0.375
2466856 0.375
2466866 0.375
2466876 0.375
2466886 0.375
2466896 0.375
2466906 0.375
2466916 0.375
2466926 0.375
2466936 0.375
2466946 0.375
2466956 0.375
2466966 0.375
2466976 0.375
2466986 0.375
2466996 0.375
2467006 0.375
2467016 0.375
2467026 0.375
2467036 0.375
2467046 0.375
2467056 0.375
2467066 0.375
2467076 0.375
2467086 0.375
2467096 0.375
2467106 0.375
2467116 0.375
2467126 0.375
2467136 0.375
2467146 0.375
2467156 0.375
2467166 0.375
2467176 0.375
2467186 0.375
2467196 0.375
2467206 0.375
2467216 0.375
2467226 0.375
2467236 0.375
2467246 0.375
2467256 0.375
2467266 0.375
2467276 0.375
2467286 0.375
2467296 0.375
2467306 0.375
2467316 0.375
2467326 0.375
2467336 0.375
2467346 0.375
2467356 0.375
2467366 0.375
2467376 0.375
2467386 0.375
2467396 0.375
2467406 0.375
2467416 0.375
2467426 0.375
2467436 0.375
2467446 0.375
2467456 0.375
2467466 0.375
2467476 0.375
2467486 0.375
2467496 0.375
2467506 0.375
2467516 0.375
2467526 0.375
2467536 0.375
2467546 0.375
2467556 0.375
2467566 0.375
2467576 0.375
2467586 0.375
2467596 0.375
2467606 0.375
2467616 0.375
2467626 0.375
2467636 0.375
2467646 0.375
2467656 0.375
2467666 0.375
2467676 0.375
2467686 0.375
2467696 0.375
2467706 0.375
2467716 0.375
2467726 0.375
2467736 0.375
2467746 0.375
2467756 0.375
2467766 0.375
2467776 0.375
2467786 0.375
2467796 0.375
2467806 0.375
2467816 0.375
2467826 0.375
2467836 0.375
2467846 0.375
2467856 0.375
2467866 0.375
2467876 0.375
2467886 0.375
2467896 0.375
2467906 0.375
2467916 0.375
2467926 0.375
2467936 0.375
2467946 0.375
2467956 0.375
2467966 0.375
2467976 0.375
2467986 0.375
2467996 0.375
2468006 0.375
2468016 0.375
2468026 0.375
2468036 0.375
2468046 0.375
2468056 0.375
2468066 0.375
2468076 0.375
2468086 0.375
2468096 0.375
2468106 0.375
2468116 0.375
2468126 0.375
2468136 0.375
2468146 0.375
2468156 0.375
2468166 0.375
2468176 0.375
2468186 0.375
2468196 0.375
2468206 0.375
2468216 0.375
2468226 0.375
2468236 0.375
2468246 0.375
2468256 0.375
2468266 0.375
2468276 0.375
2468286 0.375
2468296 0.375
2468306 0.375
2468316 0.375
2468326 0.375
2468336 0.375
2468346 0.375
2468356 0.375
2468366 0.375
2468376 0.375
2468386 0.375
2468396 0.375
2468406 0.375
2468416 0.375
2468426 0.375
2468436 0.375
2468446 0.375
2468456 0.375
2468466 0.375
2468476 0.375
2468486 0.375
2468496 0.375
2468506 0.375
2468516 0.375
2468526 0.375
2468536 0.375
2468546 0.375
2468556 0.375
2468566 0.375
2468576 0.375
2468586 0.375
2468596 0.375
2468606 0.375
2468616 0.375
2468626 0.375
2468636 0.375
2468646 0.375
2468656 0.375
2468666 0.375
2468676 0.375
2468686 0.375
2468696 0.375
2468706 0.375
2468716 0.375
2468726 0.375
2468736 0.375
2468746 0.375
2468756 0.375
2468766 0.375
2468776 0.375
2468786 0.375
2468796 0.375
2468806 0.375
2468816 0.375
2468826 0.375
2468836 0.375
2468846 0.375
2468856 0.375
2468866 0.375
2468876 0.375
2468886 0.375
2468896 0.375
2468906 0.375
2468916 0.375
2468926 0.375
2468936 0.375
2468946 0.375
2468956 0.375
2468966 0.375
2468976 0.375
2468986 0.375
2468996 0.375
2469006 0.375
2469016 0.375
2469026 0.375
2469036 0.375
2469046 0.375
2469056 0.375
2469066 0.375
2469076 0.375
2469086 0.375
2469096 0.375
2469106 0.375
2469116 0.375
2469126 0.375
2469136 0.375
2469146 0.375
2469156 0.375
2469166 0.375
2469176 0.375
2469186 0.375
2469196 0.375
2469206 0.375
2469216 0.375
2469226 0.375
2469236 0.375
2469246 0.375
2469256 0.375
2469266 0.375
2469276 0.375
2469286 0.375
2469296 0.375
2469306 0.375
2469316 0.375
2469326 0.375
2469336 0.375
2469346 0.375
2469356 0.375
2469366 0.375
2469376 0.375
2469386 0.375
2469396 0.375
2469406 0.375
2469416 0.375
2469426 0.375
2469436 0.375
2469446 0.375
2469456 0.375
2469466 0.375
2469476 0.375
2469486 0.375
2469496 0.375
2469506 0.375
2469516 0.375
2469526 0.375
2469536 0.375
2469546 0.375
2469556 0.375
2469566 0.375
2469576 0.375
2469586 0.375
2469596 0.375
2469606 0.375
2469616 0.375
2469626 0.375
2469636 0.375
2469646 0.375
2469656 0.375
2469666 0.375
2469676 0.375
2469686 0.375
2469696 0.375
2469706 0.375
2469716 0.375
2469726 0.375
2469736 0.375
2469746 0.375
2469756 0.375
2469766 0.375
2469776 0.375
2469786 0.375
2469796 0.375
2469806 0.375
2469816 0.375
2469826 0.375
2469836 0.375
2469846 0.375
2469856 0.375
2469866 0.375
2469876 0.375
2469886 0.375
2469896 0.375
2469906 0.375
2469916 0.375
2469926 0.375
2469936 0.375
2469946 0.375
2469956 0.375
2469966 0.375
2469976 0.375
2469986 0.375
2469996 0.375
2470006 0.375
2470016 0.375
2470026 0.375
2470036 0.375
2470046 0.375
2470056 0.375
2470066 0.375
2470076 0.375
2470086 0.375
2470096 0.375
2470106 0.375
2470116 0.375
2470126 0.375
2470136 0.375
2470146 0.375
2470156 0.375
2470166 0.375
2470176 0.375
2470186 0.375
2470196 0.375
2470206 0.375
2470216 0.375
2470226 0.375
2470236 0.375
2470246 0.375
2470256 0.375
2470266 0.375
2470276 0.375
2470286 0.375
2470296 0.375
2470306 0.375
2470316 0.375
2470326 0.375
2470336 0.375
2470346 0.375
2470356 0.375
2470366 0.375
2470376 0.375
2470386 0.375
2470396 0.375
2470406 0.375
2470416 0.375
2470426 0.375
2470436 0.375
2470446 0.375
2470456 0.375
2470466 0.375
2470476 0.375
2470486 0.375
2470496 0.375
2470506 0.375
2470516 0.375
2470526 0.375
2470536 0.375
2470546 0.375
2470556 0.375
2470566 0.375
2470576 0.375
2470586 0.375
2470596 0.375
2470606 0.375
2470616 0.375
2470626 0.375
2470636 0.375
2470646 0.375
2470656 0.375
2470666 0.375
2470676 0.375
2470686 0.375
2470696 0.375
2470706 0.375
2470716 0.375
2470726 0.375
2470736 0.375
2470746 0.375
2470756 0.375
2470766 0.375
2470776 0.375
2470786 0.375
2470796 0.375
2470806 0.375
2470816 0.375
2470826 0.375
2470836 0.375
2470846 0.375
2470856 0.375
2470866 0.375
2470876 0.375
2470886 0.375
2470896 0.375
2470906 0.375
2470916 0.375
2470926 0.375
2470936 0.375
2470946 0.375
2470956 0.375
2470966 0.375
2470976 0.375
2470986 0.375
2470996 0.375
2471006 0.375
2471016 0.375
2471026 0.375
2471036 0.375
2471046 0.375
2471056 0.375
2471066 0.375
2471076 0.375
2471086 0.375
2471096 0.375
2471106 0.375
2471116 0.375
2471126 0.375
2471136 0.375
2471146 0.375
2471156 0.375
2471166 0.375
2471176 0.375
2471186 0.375
2471196 0.375
2471206 0.375
2471216 0.375
2471226 0.375
2471236 0.375
2471246 0.375
2471256 0.375
2471266 0.375
2471276 0.375
2471286 0.375
2471296 0.375
2471306 0.375
2471316 0.375
2471326 0.375
2471336 0.375
2471346 0.375
2471356 0.375
2471366 0.375
2471376 0.375
2471386 0.375
2471396 0.375
2471406 0.375
2471416 0.375
2471426 0.375
2471436 0.375
2471446 0.375
2471456 0.375
2471466 0.375
2471476 0.375
2471486 0.375
2471496 0.375
2471506 0.375
2471516 0.375
2471526 0.375
2471536 0.375
2471546 0.375
2471556 0.375
2471566 0.375
2471576 0.375
2471586 0.375
2471596 0.375
2471606 0.375
2471616 0.375
2471626 0.375
2471636 0.375
2471646 0.375
2471656 0.375
2471666 0.375
2471676 0.375
2471686 0.375
2471696 0.375
2471706 0.375
2471716 0.375
2471726 0.375
2471736 0.375
2471746 0.375
2471756 0.375
2471766 0.375
2471776 0.375
2471786 0.375
2471796 0.375
2471806 0.375
2471816 0.375
