t obsX obsY barStartX barStartY barEndX barEndY consortium
1990.0529 720.1250782631653 402.75769159697023 719.9750782631653 407.75519159697023 720.2750782631653 397.76019159697023 F
1990.1638 780.6423814168671 339.85414961073354 782.4393814168671 344.51964961073355 778.8453814168671 335.18864961073353 F
1990.165 764.7532083692249 345.85398857432654 766.404708369225 350.5734885743265 763.1017083692249 341.13448857432655 F
1990.1928 776.4599062588652 340.1555091659211 774.2709062588652 344.6510091659211 778.6489062588652 335.6600091659211 F
1990.1941 783.9504036176968 343.6469270316794 781.5989036176968 348.05942703167943 786.3019036176968 339.2344270316794 F
1990.3387 806.0866007054594 388.4131511849666 802.2201007054595 391.5831511849666 809.9531007054594 385.24315118496656 F
1990.3984 784.1128724823526 424.2111184424542 780.8218724823525 420.4471184424542 787.4038724823527 427.97511844245423 F
1990.4843 708.0814067509209 459.54345138127155 703.1589067509209 460.4199513812716 713.0039067509209 458.66695138127153 F
1990.5782 575.0628758786097 467.74005940463707 575.6453758786097 462.77455940463705 574.4803758786097 472.7055594046371 F
1990.622 497.7399308312801 451.84173278034365 493.8889308312801 448.6527327803436 501.5909308312801 455.03073278034367 F
1990.7447 279.8607223133213 356.6044086470131 283.0667223133213 352.7674086470131 276.65472231332126 360.4414086470131 F
1990.7459 274.91592798856607 352.618371489603 277.9924279885661 348.676871489603 271.83942798856606 356.55987148960304 F
1990.7472 257.0868887046153 339.6342339473952 260.0153887046153 335.5812339473952 254.1583887046153 343.6872339473952 F
1990.7483 271.40477124942663 349.86565169887484 274.2062712494266 345.72415169887483 268.60327124942665 354.00715169887485 F
1990.7495 266.82864138478675 346.67059996734844 269.48764138478674 342.4360999673484 264.16964138478676 350.90509996734846 F
1990.8686 94.60915699501284 183.63857710563275 98.85765699501283 186.27457710563274 90.36065699501285 181.00257710563275 F
1990.9123 57.898813301354345 117.7753450979122 62.348313301354345 115.49434509791219 53.449313301354344 120.0563450979122 F
1991.0837 29.0365947449321 -77.67173041687344 33.5950947449321 -75.61823041687344 24.4780947449321 -79.72523041687344 F
1991.1372 51.31860488849234 -108.0366638933787 49.75010488849234 -103.2891638933787 52.88710488849234 -112.7841638933787 F
1991.2794 107.92785611379934 -94.09598901541716 104.73535611379934 -90.24798901541716 111.12035611379933 -97.94398901541716 F
1991.2807 104.81630385747451 -96.2671412728403 101.49280385747451 -92.5316412728403 108.1398038574745 -100.00264127284031 F
1991.2818 103.35229393236565 -97.31290861385754 99.91129393236565 -93.68590861385755 106.79329393236566 -100.93990861385754 F
1991.3146 106.46847540359066 -85.16481425595683 101.48947540359066 -85.62381425595683 111.44747540359066 -84.70581425595682 F
1991.3158 105.80601215319429 -78.61301211497972 100.84401215319429 -79.22951211497973 110.76801215319429 -77.99651211497972 F
1991.4263 64.1230405224201 -14.380437737000053 59.5315405224201 -12.400937737000053 68.7145405224201 -16.359937737000052 F
1991.5684 -114.82855346442697 6.209011311711421 -119.63755346442697 4.840011311711422 -110.01955346442698 7.578011311711421 F
1991.6803 -286.1834605577104 -29.982359416865023 -284.06246055771044 -34.50985941686503 -288.3044605577104 -25.454859416865023 F
1991.6815 -311.1076660504613 -41.825058107841116 -309.12116605046134 -46.41355810784111 -313.0941660504613 -37.23655810784112 F
1991.6973 -363.068558483649 -57.91219155177723 -363.167558483649 -62.91119155177723 -362.969558483649 -52.913191551777224 F
1991.6987 -339.3681956328194 -60.05550192933816 -339.64269563281937 -65.04800192933817 -339.0936956328194 -55.063001929338164 F
1991.8187 -547.0873000964461 -206.33379000066142 -542.0943000964461 -206.0722900006614 -552.0803000964462 -206.59529000066144 F
1991.82 -548.6165315614779 -220.78174035291607 -543.6185315614779 -220.66324035291606 -553.614531561478 -220.9002403529161 F
1991.8468 -587.2020690259743 -250.4879616059752 -583.3335690259743 -253.65546160597518 -591.0705690259744 -247.3204616059752 F
1991.9463 -679.8589360975477 -386.4347838626093 -677.6479360975477 -381.95078386260934 -682.0699360975477 -390.9187838626093 F
1992.0119 -685.3037023982955 -471.98942510288913 -680.3102023982955 -472.2304251028891 -690.2972023982956 -471.74842510288914 F
1992.0814 -671.3421955825262 -537.8765047987279 -672.0481955825262 -532.9265047987278 -670.6361955825262 -542.8265047987279 F
1992.2111 -606.2174767668705 -571.8258834415794 -607.3849767668705 -566.9643834415795 -605.0499767668705 -576.6873834415794 F
1992.2123 -625.4922686579404 -576.6448929849322 -626.8357686579403 -571.8288929849322 -624.1487686579404 -581.4608929849322 F
1992.2135 -621.2724756190643 -575.5154362695519 -622.7684756190642 -570.7444362695519 -619.7764756190643 -580.2864362695518 F
1992.2147 -613.7078766459009 -572.9271461295275 -615.3723766459009 -568.2126461295275 -612.0433766459009 -577.6416461295275 F
1992.2159 -618.3155714785565 -574.5480108138511 -620.1425714785565 -569.8940108138511 -616.4885714785565 -579.2020108138511 F
1992.2171 -625.1194495981598 -577.499588983596 -627.0969495981598 -572.907088983596 -623.1419495981598 -582.092088983596 F
1992.2185 -613.058220823335 -572.1054881955059 -615.224220823335 -567.598988195506 -610.8922208233349 -576.6119881955059 F
1992.2195 -622.2134913051478 -576.7136014658993 -624.5064913051478 -572.2706014658993 -619.9204913051478 -581.1566014658993 F
1992.2208 -619.9463490512896 -575.7351638358301 -622.3918490512897 -571.3741638358301 -617.5008490512896 -580.0961638358301 F
1992.222 -620.6638850755902 -576.3940651767015 -623.2578850755903 -572.1195651767015 -618.0698850755902 -580.6685651767015 F
1992.2232 -621.0068088458291 -576.9252312006007 -623.7513088458292 -572.7457312006007 -618.2623088458291 -581.1047312006007 F
1992.2243 -618.0307456323902 -575.1595363320394 -620.9022456323902 -571.0665363320394 -615.1592456323903 -579.2525363320393 F
1992.2255 -626.0649596215067 -581.4627693469869 -629.0744596215067 -577.4702693469869 -623.0554596215067 -585.4552693469868 F
1992.3677 -609.9148625124617 -512.7204997491123 -614.0258625124617 -509.87499974911225 -605.8038625124617 -515.5659997491123 F
1992.4357 -651.8206188196403 -476.38354294327587 -654.1846188196404 -480.7895429432759 -649.4566188196403 -471.97754294327586 F
1992.8934 -1339.8329622072333 -772.0299591645667 -1336.2534622072333 -768.5399591645667 -1343.4124622072334 -775.5199591645667 F
1992.9493 -1371.3460631257951 -845.9239394165122 -1366.6240631257951 -847.5674394165122 -1376.068063125795 -844.2804394165122 F
1992.9869 -1389.3879906224615 -901.3296237021685 -1385.2044906224614 -898.5911237021685 -1393.5714906224616 -904.0681237021686 F
1992.9883 -1378.8099989369377 -919.4465860093472 -1374.6444989369377 -916.6810860093473 -1382.9754989369378 -922.2120860093472 F
1992.9895 -1385.8055977068086 -910.6845267196265 -1381.6555977068085 -907.8960267196265 -1389.9555977068087 -913.4730267196265 F
1993.0816 -1380.1574181282708 -996.721308469432 -1375.5464181282707 -994.787308469432 -1384.768418128271 -998.6553084694319 F
1993.1373 -1353.9244393964484 -1025.4756542344471 -1355.5279393964483 -1020.7401542344471 -1352.3209393964485 -1030.2111542344471 F
